-72.784197 0.006663 5.014783 -5.697449 1.024830 1.621461 -1.711993 0.349111 2.765220 -0.727710 0.492740 1.070295 0.084591 -2.621682 -0.530704 -0.496642 1.511908 0.171076 -0.727142 0.895712 -0.293336 -0.236249 -0.028635 0.030045 -0.336723 -0.026728 1.251750 -0.371706 -0.929400 0.554041 -0.266144 -0.139851 -0.124821 -0.096166 -0.503489 0.165029 -0.105160 -0.232224 0.033934 
 -78.027561 -1.054745 4.021499 -2.673634 1.366982 0.167177 0.079432 -0.237560 2.292722 -0.784979 0.552829 0.396849 0.031134 -0.118182 -1.274116 -2.355443 2.619989 -0.361213 -1.006845 0.646070 -0.485667 -1.243227 0.301424 -0.180275 -0.801171 0.041139 0.121711 0.032051 -0.446126 -0.851418 -0.484592 0.293615 -1.017521 -0.047264 -0.354864 -0.000529 -0.190644 0.079229 -0.069247 
 -73.020562 -2.541568 0.303897 -0.457470 0.302404 -0.392228 -0.419852 -0.622223 0.278766 -0.124863 0.132190 -0.532048 0.166869 -2.378260 -0.466602 -1.388894 -0.190929 -0.798109 -0.139911 -1.139330 -0.387865 -0.945978 -0.029693 -0.351243 -0.178264 -0.165222 2.218490 1.041137 2.112975 -2.018973 0.512720 0.620355 -0.830301 -0.022034 1.211698 -0.403336 0.128483 0.639402 -0.021255 
 -82.784080 -1.987949 1.243710 -3.055491 -0.229236 -0.112645 -2.199229 -1.013289 0.400767 -0.844365 -0.149657 0.040321 -0.299311 4.318799 0.808159 1.870506 -1.417957 0.664227 0.233864 -1.014532 -0.529734 1.180168 -0.505249 0.076691 0.477634 -0.001372 7.730501 0.029710 0.556752 0.601176 0.621581 -0.029218 1.180544 0.297990 0.599554 0.109553 0.369568 0.005426 0.347932 
 -64.382965 -0.925250 4.044910 -3.293384 1.630858 0.075500 -2.448917 -1.681692 2.639103 -1.135360 0.285572 0.423219 0.164125 13.082743 -0.407182 -0.275391 1.011423 0.445053 -0.198346 1.221757 0.208115 0.253131 0.189413 0.387893 -0.167412 0.530642 -3.589929 -0.799920 -1.895485 1.479667 -0.621172 -0.183667 1.179728 0.614705 -1.148281 0.456101 -0.057026 -0.372870 0.091600 
 -56.618595 -2.802313 0.692928 -1.032646 0.660871 -0.509338 0.244286 -0.597060 0.907029 -0.465539 0.626128 -0.294504 0.761973 -2.861060 -0.791681 -1.920464 1.541377 -0.578117 -0.133470 1.344923 0.699676 -1.116395 0.406953 -0.037361 -0.268106 0.181828 -14.116650 0.477651 0.556001 -0.990411 -0.004386 0.700015 -1.027749 -0.061731 0.025179 -0.331702 -0.303310 0.236252 -0.431592 
 -70.105085 -2.508613 0.203981 -0.210631 0.474625 -0.191440 0.240930 -0.282340 0.406313 -0.321454 0.210850 -0.112992 0.527780 -15.150557 0.548119 0.836611 -0.969400 0.436281 1.201684 -0.833740 0.084653 0.303489 -0.473991 -0.218728 0.305091 -0.332543 -0.799053 0.472767 0.926366 -0.985327 0.102270 0.230730 -0.858439 -0.353839 0.212415 -0.276976 -0.045777 0.152355 -0.057005 
 -86.919709 -1.706074 2.366149 -2.971446 1.533433 1.894031 -1.423194 -0.427754 1.514007 -1.413522 0.188672 0.315679 0.096887 -4.459166 0.153853 -0.067733 -0.429277 -0.373578 0.327990 -0.371954 -0.008001 -0.691564 -0.146999 -0.128915 0.036604 0.067818 9.092944 -0.379417 -1.042018 0.877194 -0.633721 -0.806237 0.587636 0.056539 -0.493843 0.548638 0.124031 -0.191108 0.235585 
 -79.023417 -2.200906 0.068515 -1.069186 -0.272531 0.464540 -0.502979 -0.298342 -0.976815 -0.615452 -0.046979 -0.039784 0.663416 3.035331 -0.210715 -1.247425 0.784987 -0.831161 -0.410789 0.341532 0.197730 -0.684197 0.623285 0.029333 -0.077125 0.138628 0.546871 0.096947 0.245884 -0.757349 0.203835 0.423859 -0.393782 0.051073 0.847752 -0.049584 -0.111457 -0.137759 -0.488738 
 -80.849048 -2.127504 -0.128700 -1.401471 -0.128890 1.072452 -0.740130 -0.032293 0.145614 -0.166952 0.247339 0.161429 0.374143 -3.365424 0.347747 0.424035 -1.943975 0.034093 1.175709 -1.159518 0.094145 1.003940 -0.246166 -0.351828 -0.238915 -0.909657 -1.698160 0.158747 0.672514 -0.250777 0.510945 0.140408 -0.227085 -0.161841 0.413925 -0.391334 -0.146847 0.077598 -0.244444 
 -85.754265 -1.505413 0.916584 -4.957136 -0.204345 2.815958 -2.822015 -0.110052 1.031065 -1.107784 -0.750636 -0.517614 -1.155899 -0.360989 0.106780 0.097604 0.283433 0.190729 -0.129972 -0.112638 -0.125952 0.143654 -0.159383 -0.264360 0.078072 -0.350260 3.074730 -0.298865 -0.327606 2.044175 0.168465 -1.160210 1.234497 -0.059304 -0.597391 0.291785 0.375555 0.477804 0.712913 
 -81.571026 -1.913945 0.066508 -0.834605 0.252569 0.812508 -0.965406 -0.284197 0.432921 -0.485718 -0.281382 0.317572 -0.326376 2.784035 -0.249984 -0.231178 2.144374 0.371022 -1.144710 1.309476 -0.024463 -0.190842 0.337404 0.399282 0.716694 0.516169 -0.760838 0.181835 0.240275 -0.933624 -0.175094 0.536793 -0.234072 0.182617 0.139017 0.036917 0.224185 -0.066731 0.159704 
 -80.186194 -2.005381 0.454229 -0.668387 0.537700 0.526537 -0.203064 -0.158978 0.649382 -0.432976 0.047928 0.915774 -0.123561 -1.882665 0.470449 0.578154 -1.583815 -0.159460 0.943614 -0.580781 0.239283 0.421689 -0.085550 0.184010 -0.055390 -0.030851 -2.939138 0.086500 0.178267 -1.591811 -0.294814 0.884639 -1.011149 0.063760 0.203339 -0.099604 -0.112324 -0.485640 -0.433259 
 -85.336356 -0.973046 1.222816 -4.002235 -0.066351 2.699737 -2.126969 0.194368 1.276299 -0.656819 0.086638 0.206791 -0.388078 -3.094241 -0.076984 0.125356 -1.039247 -0.218605 0.624567 -0.712822 0.103057 0.215837 0.138196 0.174634 -0.254587 -0.350348 0.585560 -0.559766 -0.459341 1.024015 -0.002065 -0.933665 0.377157 -0.045734 -0.157054 0.153071 0.041830 0.157117 0.079231 
 -86.374677 -2.159349 0.704941 -2.746881 0.100490 1.775671 -1.628708 0.047136 1.081055 -0.156585 0.397197 0.406601 -0.824257 -0.711546 -0.649084 -0.340528 0.464215 -0.163589 -0.923715 0.173532 0.147815 0.107581 0.220591 0.267671 0.258844 0.127610 1.392919 0.020957 -0.023984 0.350647 -0.048595 -0.430395 0.217942 -0.082895 -0.069689 -0.066850 -0.335272 0.223141 0.440103 
 -86.759448 -2.271213 0.541760 -3.073805 -0.393529 0.852307 -1.779905 0.489998 1.491460 -0.215636 0.621980 0.724479 -0.132858 -0.308403 -0.035070 0.077388 -0.337952 -0.315795 -0.236224 -0.276938 -0.062734 0.076459 0.004495 -0.495909 0.191696 0.529857 0.778441 0.341091 0.253488 -0.164238 0.191791 0.604690 0.002436 -0.234983 -0.355564 -0.279150 -0.378290 -0.374119 -0.061061 
 -86.991483 -2.229489 0.859716 -3.422784 -0.531101 1.303224 -2.182584 -0.078332 1.233973 -0.147594 -0.594621 0.789994 0.235458 0.845336 0.033099 0.166448 0.135739 0.219992 0.285665 0.178404 -0.322151 -0.603548 -0.337710 -0.488909 -0.489395 0.005487 2.609756 -0.087106 -0.301012 0.767959 0.299045 -0.018185 0.653488 0.015967 -0.392180 -0.077256 0.528677 -0.203637 -0.183932 
 -85.068777 -2.205015 0.874656 -2.802328 0.046456 1.423637 -1.423097 -0.154305 0.284364 -0.891056 -0.355838 -0.254311 -0.121884 4.911109 -0.209283 -0.524636 1.197967 0.282294 -0.272593 1.030038 -0.030800 -0.707901 -0.150016 0.561445 -0.215577 0.161993 -0.734399 -0.179267 -0.252803 -0.200668 -0.140089 0.106622 0.083417 0.561499 0.718511 0.456083 0.382532 0.319344 -0.236785 
 -77.169265 -2.648054 -0.189555 -1.026851 0.033487 0.758037 -0.122508 -0.139931 -0.181829 -0.447625 0.528270 0.358840 0.559444 -0.623461 -0.325435 -0.339157 -0.265598 -0.060185 0.498910 0.345239 0.800846 0.833473 0.574457 0.276155 0.149294 -0.468082 -4.914898 0.548044 1.021225 -1.031384 0.119217 0.413088 -0.815607 0.057934 0.726633 0.012822 -0.386507 0.005529 -0.351615 
 -86.315700 -2.855884 0.196341 -3.333523 -0.073914 2.421456 -0.732619 1.447387 1.951310 0.257858 0.196473 0.044276 -1.058049 -4.918688 0.886804 1.517815 -0.864801 0.520728 0.553583 -0.601175 0.085068 0.745365 -0.124372 -0.211570 -0.204518 -0.541237 1.658035 0.240108 0.003494 0.770472 0.088682 -0.707707 -0.182526 -0.778333 -0.779873 -0.381241 -0.217498 -0.039238 0.529859 
 -87.006641 -0.874446 2.846074 -2.756452 1.074944 1.865202 -1.324857 0.030205 1.308901 -0.696370 0.105130 -0.050196 -0.523030 2.692609 0.154780 -0.332168 1.275346 0.117178 -0.916504 -0.019813 -0.755819 -0.726272 -0.188026 -0.158841 0.070817 0.591635 2.884308 -0.647364 -1.265450 0.229051 -0.733875 -0.439420 0.352041 -0.024822 -0.866305 0.259024 0.173450 0.282166 0.307259 
 -80.930482 -2.546323 -0.467996 -0.782831 0.160443 0.588447 -0.772245 -0.064252 0.498765 -0.118193 -0.121209 0.185910 0.125222 0.849929 -0.407923 -1.013086 -0.406699 -0.947022 -0.325258 0.102908 0.035425 -0.987245 0.393675 0.135331 0.359815 0.073282 -2.750500 0.286581 0.778633 -1.417006 -0.061147 0.907212 -0.329141 0.491584 0.361983 -0.109756 -0.158048 -0.100631 -0.490514 
 -85.306784 -1.690292 0.819902 -3.569850 -0.819099 1.214687 -1.119042 0.101055 -0.665590 0.090981 0.375792 0.669433 -0.376466 -2.808392 0.727942 1.225098 -1.558666 -0.005116 0.897919 -0.678095 0.227348 -0.002306 -0.407538 -0.474938 -0.130445 -0.389393 -0.859607 0.389362 0.896338 0.374354 0.729574 0.078828 -0.296904 -0.044041 0.877649 -0.464686 -0.232645 -0.223689 -0.225838 
 -86.547266 -1.090440 1.982201 -3.900163 0.150212 2.384286 -2.128434 0.390444 0.494153 -0.933270 -1.071085 -0.074981 -0.653564 -0.869285 0.370801 0.779591 0.342009 0.512127 -0.167602 -0.490900 -0.052657 0.768053 -0.535696 -0.329960 -0.087563 -0.378394 1.725988 -0.455285 -0.782601 1.033114 0.134198 -0.521869 0.201817 -0.304815 0.247270 0.081086 0.408054 0.255125 0.104345 
 -87.045353 -0.948691 2.379084 -2.885831 0.205155 0.879482 -2.100841 -0.004259 0.870517 -0.980411 -0.284128 0.494306 -1.133254 0.643585 -0.182628 -0.340103 0.507562 0.263281 -0.145818 -0.274460 -0.382282 0.492234 -0.245366 0.341170 0.379804 -0.180703 0.628732 -0.389738 -0.777306 -0.090264 -0.195656 0.233028 0.222717 -0.040106 -0.370928 0.112856 0.031177 0.045983 0.324516 
 -85.260096 -1.455696 1.301996 -2.885039 0.676773 2.092649 -2.677355 -0.374119 1.478620 -1.424003 -0.388744 0.684628 -1.014969 0.388180 -0.408675 -0.775021 0.161482 0.120815 0.298454 -0.045465 -0.132869 0.026197 -0.309983 -0.267606 0.004402 0.270638 -0.192775 -0.099989 -0.097305 -0.050176 -0.211361 -0.064812 0.651331 0.375975 -0.284059 0.345855 -0.082517 -0.290503 0.256214 
 -86.268993 -1.766040 0.829042 -2.562867 0.446786 1.476391 -2.191771 -0.269998 0.922911 -1.600377 -0.819341 0.503111 -0.591979 0.258035 -0.382606 -0.534714 0.407211 -0.159442 -0.275441 1.028202 0.369668 -0.075885 0.446344 0.176135 -0.201202 0.331725 0.077830 0.122273 0.321328 -0.041129 -0.240355 -0.274233 0.384305 0.249232 -0.018635 0.685019 0.401197 -0.169331 0.042438 
 -84.744026 -2.220907 0.232568 -2.070617 0.357889 1.541766 -0.620951 0.365217 1.326849 -0.531315 -0.036474 0.282224 -0.351518 0.543839 -0.164129 -0.132365 0.079225 -0.359895 -0.250012 0.723145 0.365594 -0.011072 1.060055 0.534787 -0.334260 0.355513 -0.597192 0.390819 0.421202 -0.290132 0.015363 0.041761 -0.668653 -0.125383 -0.124443 -0.282576 -0.163425 0.367776 -0.074472 
 -85.181314 -2.094299 0.564311 -2.404418 -0.273005 0.976366 -0.745482 0.461190 0.900767 0.519733 0.250234 -0.165410 0.119047 -0.936349 0.399032 0.307690 -0.173053 -0.128717 -0.191919 -0.309105 0.118903 -0.324771 -0.118809 -0.150714 0.534350 0.182782 0.772054 0.154185 0.150651 0.375349 0.334188 -0.056250 -0.183973 -0.210836 -0.063781 -0.716085 -0.466537 0.235546 -0.266870 
 -86.616725 -1.422844 0.847949 -2.416724 0.100455 1.157928 -1.239161 0.603022 0.677307 -0.768932 -0.337902 1.350924 0.014045 2.087948 0.144240 0.168936 0.829922 0.308480 -0.362512 0.355199 -0.056078 -0.138634 -0.372115 -0.398287 0.136832 -0.178228 3.399768 -0.362761 -0.288882 0.611431 0.121021 -0.076885 0.510526 -0.177749 0.007952 0.206395 0.074028 -0.725618 -0.131320 
 -81.005418 -1.805819 0.902183 -0.744573 0.343956 0.251342 -0.035085 0.349034 0.623499 -0.224497 -0.546340 0.108254 -0.237409 5.863187 -0.326490 -0.270075 1.049809 0.113326 -0.345688 0.711947 -0.236595 -0.308867 0.293982 -0.002658 -0.916887 -0.079858 -2.335441 -0.030408 0.045541 -0.840073 -0.209066 0.328508 -0.780507 -0.282475 0.089016 0.176342 0.367675 0.085460 0.005994 
 -74.890351 -2.075824 0.307800 -0.317105 0.327107 0.466551 0.184733 0.129831 0.059574 -0.180969 -0.343218 -0.482850 -0.145672 -2.582934 0.083424 0.260018 -0.850223 -0.109651 0.294504 -1.205815 -0.621027 0.039398 -0.019431 0.337064 0.307752 -0.166240 -6.039635 0.051290 0.353678 -1.051897 -0.090888 0.227659 -0.824461 0.022996 0.421086 -0.286987 0.032962 0.784434 0.203049 
 -86.171286 -1.638971 1.422219 -2.445019 0.124653 0.840350 -2.446715 -0.893021 0.702295 -0.263360 0.127788 0.723759 -0.569889 -6.216082 -0.223910 0.437281 -1.053984 -0.068450 0.109630 -0.936975 -0.190603 0.533304 -0.279992 0.063266 0.651980 0.326239 2.964910 -0.231852 -0.467329 0.705302 0.009285 -0.167070 1.050775 0.421576 -0.244402 0.144908 -0.001453 -0.391473 0.265527 
 -87.322515 -2.523644 1.182361 -2.425073 0.190207 0.685812 -1.689217 -0.251375 1.126182 -0.740953 -0.216687 0.821111 0.506807 3.346887 -0.380279 -0.674640 0.560382 -0.091081 -0.039637 0.895735 0.222125 -0.449406 0.270385 0.334157 -0.475194 0.364813 3.397547 0.365260 -0.184676 0.528858 0.079032 0.257852 0.688382 0.248367 -0.326957 0.207561 -0.036049 -0.380063 -0.475206 
 -79.477512 -2.399530 0.072940 -1.324256 -0.057509 0.761077 -0.655245 -0.448770 -0.196517 0.277409 0.796103 -0.226630 0.159738 0.579012 0.506609 0.067930 0.003732 0.089614 0.625334 0.439789 0.306130 -0.120610 0.135129 -0.008833 -0.108146 -0.624172 -3.234604 0.275833 0.453110 -0.591503 0.166348 0.224974 -0.505193 0.026257 0.468295 -0.254769 -0.339613 0.179669 -0.284130 
 -86.164492 -1.510425 1.318221 -2.417608 0.369436 1.936480 -0.809640 0.360885 0.884963 -0.470694 -0.234352 0.604819 -0.741537 -3.122321 0.171387 0.231581 -0.622625 0.241615 0.410312 -0.114650 0.274639 0.487184 -0.239154 -0.345069 -0.115857 -0.203447 3.275994 -0.409120 -0.310186 0.648679 -0.073885 -0.925638 0.050062 -0.278440 -0.111640 -0.006986 0.006339 -0.110642 0.455495 
 -85.722155 -2.056756 0.536102 -2.569505 0.425721 1.581701 -0.884545 0.100507 0.777852 -0.200898 0.105964 -0.458343 -0.247156 7.131001 -0.311630 -0.552443 1.301090 -0.058155 -1.225943 0.539913 -0.250750 -0.343889 0.121158 0.003846 -0.329431 0.286818 2.753907 -0.016611 -0.030037 0.749753 -0.224050 -0.662832 0.193518 -0.204532 -0.438645 0.146919 0.151569 0.194500 0.064242 
 -71.902490 -2.133686 0.213335 0.184572 0.253127 -0.515406 0.270186 -0.140615 0.197184 -0.228377 -0.226660 -0.054042 -0.167902 2.385492 0.138165 0.171508 0.876882 -0.206484 -0.915351 0.272385 -0.134426 -0.390105 0.054683 -0.041931 0.273144 -0.074964 -7.118340 0.208040 0.545490 -1.423338 0.043478 1.055867 -0.756664 0.147777 0.450097 -0.351174 -0.033347 0.323469 -0.222932 
 -80.951171 -1.780426 0.879118 -0.815741 0.012752 -0.249001 -0.339775 -0.168344 -0.002358 -0.091532 0.022103 0.087945 -0.397083 -7.105678 0.104450 0.538537 -1.545586 0.028800 0.885791 -0.973414 0.044804 0.556306 -0.581189 -0.062849 0.317507 -0.159046 4.834168 -0.149375 0.653360 -0.675397 0.594684 0.199009 0.355950 -0.169115 0.235388 -0.371578 0.146182 -0.263447 0.438963 
 -86.113847 -1.924786 1.290408 -2.906599 0.310728 1.256176 -1.676643 -0.051006 1.309796 -1.390756 -0.352358 0.580972 -0.485993 12.053828 -0.160586 1.478227 -0.473912 0.982884 -0.517333 0.984285 -0.472656 0.080672 -0.688472 0.250433 -0.253750 0.802962 11.901894 0.551646 1.568797 0.397352 0.452911 -1.356378 1.168878 -0.340232 -0.714674 0.264971 0.218655 -0.160220 0.541327 
 -56.843515 -2.101597 3.835573 -1.763565 1.978520 -1.283667 1.628795 -1.113656 0.158986 -1.468476 0.522969 -0.419554 1.208840 16.698110 1.207742 3.676131 -0.750882 0.934622 -1.826964 1.364342 -0.635659 -0.873042 -0.051247 0.374461 -0.002933 0.923608 -5.354762 1.326744 1.633039 -1.036520 -0.291672 0.035715 -0.673115 0.363255 -0.249870 0.109971 -0.457947 0.520454 -0.306771 
 -52.717627 0.490698 8.642670 -4.408364 2.179972 -2.397752 1.052040 -1.322323 -0.436289 -1.493249 0.396564 0.575107 1.361223 1.344305 2.492903 4.744306 -2.546952 0.399540 -0.445903 -0.361946 0.253854 -0.419069 -0.468529 -0.665460 0.787159 0.189421 -5.434576 -0.839535 -2.388682 1.102307 -0.342779 0.984907 -0.661265 0.252428 0.499190 -0.013175 -0.437279 -0.200739 -0.624276 
 -54.154904 2.884210 13.324184 -6.857470 2.777599 -2.175473 0.904904 -0.605948 -0.679152 -2.405533 -0.807951 1.154764 1.587681 5.828958 -0.471329 -1.101233 1.453731 0.249064 0.142849 0.041811 -0.130802 0.125338 -0.077596 -0.500096 -0.404411 -0.324944 2.807490 -1.993305 -4.318777 2.799098 -0.322876 0.442349 0.213057 -0.195498 0.277107 0.441857 0.197427 -0.827997 -0.497914 
 -41.059711 -0.451960 6.440203 -1.500901 2.678100 -2.112054 1.135662 -1.583926 -0.185613 -1.648440 -0.603628 -0.233715 0.711336 6.959284 -1.493707 -3.893248 3.051245 -0.246212 0.438795 0.064168 -0.137142 0.135146 0.415186 -0.270606 -0.868835 -0.806408 -5.864816 1.107112 2.311226 -1.194901 0.137975 -0.178795 0.356114 0.505687 -0.539516 -0.374697 -0.711723 0.131144 -0.194273 
 -40.236336 -0.103204 5.537689 -0.754980 2.285176 -1.297882 1.033241 -0.880231 -0.408860 -1.575162 -1.349162 -0.582905 -0.025135 -5.900675 1.742896 3.521219 -0.936070 0.525014 -0.214740 0.754040 0.880572 -0.953694 -0.826989 -1.923542 -0.142123 -0.713491 -8.406496 1.480006 3.583772 -2.064488 0.563010 -0.311370 0.376911 0.288498 -0.203467 -0.398141 -0.320684 0.181826 0.278490 
 -52.861061 3.033832 13.482642 -3.373042 3.728129 -2.541533 2.643742 0.177217 -2.093001 -3.302419 -4.450711 -0.517962 -0.715645 -9.853708 1.466306 3.274296 -1.077732 0.879809 -0.183944 0.817990 0.439854 -0.271789 -0.381096 -0.911974 -0.505182 -0.249427 -1.109383 -1.365389 -3.021711 1.144723 -0.229159 0.413439 -0.552349 -0.646822 1.252578 1.005779 1.869794 -0.076128 0.441212 
 -59.943751 2.829407 12.086282 -2.910443 4.044794 -1.665769 2.669221 -0.000522 -0.952438 -2.337355 -3.173111 -1.593270 -0.523990 -8.119440 -0.987882 -2.522203 1.353377 0.066697 0.612139 -0.350658 -0.413072 1.551462 1.184569 1.816047 -0.294379 0.168934 0.758059 -1.086189 -2.465335 0.924449 -0.497530 0.256658 -0.888132 -0.415791 0.660902 0.091594 0.617984 0.485941 -0.065641 
 -69.099941 1.058068 8.438236 -0.666288 3.861522 -1.317256 1.942425 -0.648928 1.009922 -0.933281 -0.818618 -1.106720 -0.377777 -8.337590 -0.706073 -1.656374 0.771167 -0.115251 0.329372 -0.958275 -0.391728 1.050016 -0.197908 0.323994 0.466701 -0.380709 2.780731 0.385897 0.982214 -0.593907 -0.182583 -0.341857 -0.161327 0.173436 -0.780417 -1.082573 -1.414772 0.383468 -0.311061 
 -76.618932 1.417262 8.773534 -1.368109 3.814292 -1.007026 0.752672 -0.783977 1.147594 -2.733172 -2.525123 -0.659868 -1.285408 -2.557979 -0.216089 -0.557774 0.165563 -0.298470 -0.071574 -0.673312 -0.066201 -0.009373 -0.980577 -1.013497 0.472556 -0.453189 5.832030 -0.358112 -0.793199 -0.163187 -0.636444 -0.076544 0.255662 0.165014 -0.847178 0.565105 0.274109 -0.306660 0.308373 
 -74.215899 0.625891 7.322688 -0.335162 3.264582 -1.460405 0.595801 -0.781329 0.991176 -2.894434 -2.845611 -0.161608 -1.284155 3.326469 -1.422297 -3.242772 0.444794 -1.388138 0.176283 -0.446952 -0.061699 -0.644341 0.932301 0.872213 -0.146619 0.236036 -1.044233 -0.242201 -0.490016 -0.114191 -0.054567 0.614541 0.301463 0.207757 -0.078461 0.902330 1.101789 -0.441769 0.453509 
 -69.965994 -1.427331 2.287990 -0.478521 1.038016 -0.654460 -0.141232 -0.907376 -0.141087 -0.868569 -0.780697 -0.953106 -0.813335 -4.646445 -0.700490 -1.537807 -0.062818 -0.407604 1.157507 -0.070386 0.349314 -0.166295 0.824083 1.190081 -0.410982 0.453829 -5.617417 0.901369 2.199893 -0.930096 0.794995 0.318245 0.213194 0.099589 0.391918 -0.671835 -0.479127 -0.028725 -0.172251 
 -83.508788 -0.775089 4.247075 -0.460798 2.449373 0.854609 0.455029 -0.082701 0.658585 -1.246268 -0.465449 -0.983572 -0.376497 -7.908365 0.380440 1.157015 -1.415398 0.201852 0.812773 -0.020564 0.137478 0.139496 -0.411370 -0.086042 -0.204069 -0.108465 4.624016 0.013120 -0.103356 -0.542609 -0.638701 -0.763265 -0.325864 0.038831 0.122628 -0.029394 -0.577698 0.446514 -0.451933 
 -85.782724 -0.666451 4.602021 -3.309316 1.441721 0.971086 -0.182360 -0.632419 0.137905 -1.691309 -0.952780 -1.361244 -1.030266 4.601587 -0.674250 -1.744518 -1.148036 -1.685006 -0.369023 -0.722115 0.426977 0.078960 0.765295 0.034684 0.482045 -0.450037 8.893278 0.028735 -0.417789 0.550475 -0.404814 -0.833585 0.172758 0.186109 -0.185466 0.590333 0.206258 0.343824 0.237419 
 -74.305613 -2.123589 0.758038 -2.756870 -0.920639 0.116564 -0.989200 0.771252 0.816505 0.284322 -0.396081 -0.019481 -1.276571 9.878191 0.437910 0.321436 -0.314448 -0.607775 -0.854396 0.324951 0.509697 -0.231436 0.769296 0.326474 0.483579 0.366373 2.617368 1.279176 2.655438 -0.372784 1.244183 0.195927 0.712165 -0.402053 -0.494054 -0.483176 0.221322 -0.422603 0.631325 
 -66.026342 0.209370 5.244893 -3.938211 0.226170 -0.737706 0.467542 0.386975 -0.324967 -0.152717 -0.299832 -0.394087 -0.297521 9.836323 1.884102 3.566358 -1.893603 0.803359 0.022830 0.702216 -0.377129 -0.909148 -0.201057 0.477327 -0.363160 0.812614 -1.054728 0.159233 0.664386 -0.255984 0.558947 0.469146 -0.056432 -0.481409 -0.223539 -0.512533 -0.062139 -0.355552 0.054073 
 -54.632968 1.644616 7.890755 -6.544076 0.686080 0.162225 0.415232 0.016994 -1.001791 -0.117792 0.558573 -0.745801 0.348657 7.768735 0.756377 1.650208 -0.826416 0.510118 0.083895 0.212086 -0.453122 -0.678514 -0.255769 0.202197 -0.227525 0.474519 -4.209860 -0.647624 -1.025354 1.070235 -0.242879 -0.553123 -0.263195 0.099446 0.195808 0.017239 -0.427376 0.592004 -0.234713 
 -50.488872 1.722124 8.545309 -5.591044 1.246406 -0.569916 0.891714 -0.519268 -1.681995 -0.664256 0.104561 -0.849137 0.651518 1.416602 0.588854 1.515650 0.246868 0.317602 -1.083416 0.175826 -0.178237 -0.517532 -0.166580 -0.377426 0.820848 0.343188 -4.386405 0.045777 0.066130 0.155280 -0.222061 -0.443480 -0.156782 0.330279 0.327452 -0.003026 -0.264269 0.719617 -0.335976 
 -51.799765 2.822324 10.922055 -6.050341 1.321283 -2.004607 0.766884 -0.339481 -2.036855 -0.450953 -0.196279 0.895895 1.035033 -1.004076 0.847932 1.782467 -0.515857 0.065997 -0.803064 -0.101478 0.207435 -0.023611 -0.261822 -0.326341 1.211709 -0.197432 -0.417300 -0.296658 -0.732573 -0.005957 -0.121211 0.465960 -0.012985 0.151013 0.271274 -0.105203 0.054624 -0.332759 -0.282008 
 -52.497023 3.417987 12.110242 -6.622758 1.378400 -2.176044 0.688757 -0.104398 -1.729216 -1.187900 -0.548120 1.574281 0.256654 0.582002 -0.004462 0.050505 0.234955 0.075180 -0.151495 0.149856 0.123789 0.025016 -0.376987 -0.268178 0.155330 -0.220828 0.279059 -0.790371 -1.715300 0.644102 -0.067091 0.677320 -0.036524 -0.146094 0.082180 0.202400 0.206018 -0.818908 0.254659 
 -50.635760 2.813400 11.023064 -5.580431 1.471644 -2.307598 1.066596 -0.091903 -1.986823 -1.204927 -0.732635 1.206555 0.593376 -0.445959 -0.732810 -1.648133 0.772346 -0.068185 0.551576 -0.174527 -0.084753 0.140750 0.142978 0.085696 -0.426108 0.311885 -3.455244 -0.237343 -0.888455 0.001731 0.036538 0.969863 -0.642698 0.003355 0.832546 0.033611 0.113513 -0.100066 -0.069397 
 -53.388940 1.952368 8.813976 -5.078065 1.242031 -1.072891 0.339703 -0.273904 -1.447716 -0.901944 -0.376728 0.722065 0.880425 -6.328487 -0.479148 -1.726406 0.238418 0.148256 1.788231 -1.135540 0.130499 1.690108 -0.309766 -0.041151 -0.044802 -0.359623 -1.331730 -0.054059 -0.136354 0.039902 -0.042800 0.057425 -0.184306 0.263715 0.666583 -0.154930 -0.293496 0.286464 -0.274200 
 -63.292734 1.855104 7.570252 -5.103596 1.768156 1.268865 -1.204484 0.169095 1.393393 -1.824458 -0.814938 1.116951 -0.125869 -3.109418 -0.840927 -1.920840 0.852151 -0.153784 0.666426 -0.543139 0.442678 1.473916 -0.166882 -0.501297 0.146820 -0.236515 4.069487 -0.425019 -0.342891 0.764165 -0.454060 -1.476291 0.494719 -0.294189 -1.109964 0.451653 -0.143199 -0.311862 0.028952 
 -59.607777 0.270514 4.972296 -3.373763 0.934462 0.259960 -0.746575 0.611451 1.500116 -1.235709 -1.379322 1.015705 0.407395 1.810486 -1.329187 -2.412188 1.766748 -0.759863 -1.164352 -0.146102 -0.457880 -0.529819 0.593540 -0.327550 -0.668527 -0.301718 -0.645386 0.455993 0.802282 -0.904500 -0.093522 -0.018657 -0.138710 -0.312575 -0.871853 -0.046746 0.082628 -0.267935 -0.170466 
 -59.671762 -0.803269 2.745876 -1.570099 0.248431 -1.059838 -1.496687 -0.746665 0.333754 -0.637378 -1.470038 -0.220103 -0.729306 -4.400191 0.071059 -0.316276 -0.956848 -0.340828 0.629111 -0.820560 -0.182472 -0.269789 -0.260375 -0.336041 -0.389050 -0.577446 -3.572361 1.062152 1.618300 -2.012863 0.422377 1.607574 -0.311279 0.457447 0.532570 -0.557862 0.170844 0.479340 0.134054 
 -68.408159 0.412632 4.339744 -5.287459 0.252807 1.518182 -2.387695 0.246507 0.960538 -1.756458 -2.051405 0.237605 -0.747498 -5.334236 0.795118 0.824413 -2.258977 0.084891 2.050796 -0.768659 0.457014 0.535320 -0.522185 0.014138 0.290153 -0.033611 1.492023 -0.185161 -0.094822 0.790166 0.095568 -0.442265 0.813378 0.273128 -0.016543 0.465341 0.486059 0.139341 0.450135 
 -70.340233 0.786967 4.394701 -6.088053 0.418212 3.041754 -3.034006 0.167363 1.404394 -1.681747 -1.441762 0.360203 -0.796527 -1.416145 -0.299263 -0.505921 0.623484 -0.149691 -0.255418 0.806197 0.363784 -0.302875 0.670307 0.636077 -0.110368 0.322823 -0.266888 -0.547575 -0.671221 1.471988 -0.051878 -1.287498 0.479556 -0.363174 -0.322400 0.583286 0.247487 -0.249238 0.017075 
 -71.240449 -0.185894 3.327902 -4.040491 -0.046576 1.007345 -0.775301 0.974076 0.354788 -0.415844 -0.779251 0.016870 -0.101852 -5.868011 -0.300032 -0.518028 0.684999 -0.018866 -0.524200 0.190452 -0.269335 -0.109480 0.644387 0.509112 -0.208323 0.000539 -2.752368 0.170599 0.322878 -0.402655 0.012125 0.051556 -0.804583 -0.406525 0.442801 -0.122349 -0.255213 0.055527 -0.273295 
 -82.076256 0.186902 3.358644 -4.718056 0.380481 1.993353 -2.653102 -0.371306 1.185434 -0.392974 -0.423537 -0.056444 -0.795450 -6.920881 0.041935 0.139834 -0.181827 -0.125441 -0.152306 -0.802970 -0.449265 0.582726 0.425610 0.125651 0.000686 -0.223767 2.475920 -0.388766 -0.263420 0.330670 -0.213503 -0.243570 0.482627 0.379951 -0.272275 -0.181822 -0.240251 0.059945 0.174273 
 -85.082210 -0.102025 3.607571 -4.404145 -0.297457 0.702732 -2.381240 0.075546 1.520240 0.435376 -0.527949 0.018241 -0.549386 -0.916171 -1.077564 -1.044869 1.346338 -0.445872 -1.011340 1.155707 0.490567 -0.654030 0.280743 0.028610 -0.088434 0.349085 3.317487 -0.475545 -0.693818 0.421773 0.111375 0.305396 0.666303 0.318821 -0.422130 -0.529904 -0.063202 0.073098 -0.152290 
 -83.908597 -1.968226 1.268906 -2.025379 -0.511262 -0.029328 -0.341689 0.609828 -0.122625 0.168512 -0.366318 -0.233312 -0.097279 -0.285907 -0.909156 -1.247802 0.661719 0.097310 0.458486 0.529636 0.188377 -0.261534 -0.634199 -0.000753 0.146882 -0.528346 -0.290391 0.694158 0.584476 -0.940316 0.475149 1.223766 -1.058962 -0.347894 0.708632 -0.530476 -0.057305 0.414366 -0.302568 
 -85.654025 -1.920336 1.111968 -3.080707 -0.102838 1.619704 -1.321968 0.452300 0.997172 -0.833023 -0.529455 0.312005 -1.606078 -1.496953 0.310753 0.124084 -0.534294 0.504427 1.436191 -0.962218 -0.205221 0.763234 -0.780210 -0.086001 0.740298 -0.256051 -0.250902 0.411827 0.623875 -0.038058 0.223009 -0.221006 -0.347026 -0.443237 0.143377 0.238246 0.196611 -0.017972 0.835783 
 -86.902504 -1.346721 1.517074 -3.093968 0.497592 2.843055 -2.266124 0.199386 1.403843 -1.391908 -0.538319 1.247285 -0.609382 -0.787711 -0.085503 -0.000052 0.585603 0.543328 0.016474 -0.164415 -0.698098 0.025220 -0.157706 0.392468 0.110938 1.143221 0.736918 0.042446 0.143703 0.519699 -0.092333 -0.989080 0.630590 0.087002 -0.259377 0.540332 0.148772 -0.616428 0.221656 
 -87.229447 -2.091342 1.111865 -1.909501 0.983818 1.652652 -1.650798 -0.943896 1.047613 -1.148435 0.255481 0.533880 0.680363 -0.023118 0.395644 0.411490 0.505104 0.319762 -0.541969 0.298963 -0.031218 0.244480 0.300454 0.211543 -0.492557 0.187260 0.379237 0.269768 0.093529 -0.497946 -0.388048 0.030910 0.082155 0.799223 0.150153 0.296553 -0.277650 0.090583 -0.834865 
 -86.948739 -0.555432 2.340054 -2.083759 1.137115 1.759118 -1.668198 0.136949 1.892803 -0.791000 -0.115234 0.262171 -0.234861 -0.029237 0.454034 0.187006 -0.410288 -0.232768 0.078294 -0.000105 0.900347 0.325525 0.435399 -0.162832 0.292104 -0.526510 -0.362773 -0.180111 -0.131574 -0.594278 -0.382827 0.160945 -0.022448 0.058680 -0.486303 -0.066267 -0.124639 0.381880 -0.153934 
 -87.287922 -1.183275 1.485876 -2.730078 0.518283 1.809240 -1.651007 0.856799 1.698664 -0.277637 -0.070182 1.118087 -0.372656 -0.748663 0.035421 0.148342 -0.683452 -0.445892 -0.220078 0.254066 0.086141 -0.728127 0.167920 -0.037736 0.271204 -0.120608 -0.233687 -0.373631 -0.041442 0.048589 0.155314 -0.169261 0.021000 -0.892930 -0.576175 -0.425986 0.075055 -0.304674 0.178910 
 -88.446066 -0.484589 2.636738 -3.450663 0.245332 1.318961 -1.160066 0.309231 0.436549 -0.455160 -0.190705 0.804578 -0.476077 -0.496611 -0.293227 0.104121 -0.313111 0.077861 -0.260227 0.041896 -0.885513 -0.826825 -0.416572 -0.012722 -0.317244 -0.168690 0.650080 -0.181424 -0.193536 0.435605 0.287135 0.092003 -0.316522 -0.252497 0.492972 -0.164556 0.118010 -0.151446 0.069303 
 -88.281144 -1.769729 1.694117 -3.356299 0.674004 1.288785 -1.567215 -0.914227 0.045013 -1.110781 -0.095626 0.483600 -0.710036 0.551497 -0.327426 -0.238731 0.187759 0.128379 -0.036071 -0.378978 -0.418853 0.257817 -0.161192 0.198285 -0.031688 0.017998 0.652057 0.117516 -0.216695 0.670867 0.086509 0.177383 0.172775 0.645198 0.643698 0.379451 0.192135 0.123996 0.115527 
 -87.343071 -1.139440 2.159275 -3.075145 0.502091 1.246818 -1.918022 -0.528474 0.952184 -0.777544 0.205865 0.741201 -0.440082 0.807502 -0.058196 -0.329268 1.028622 0.250879 0.094539 0.387447 0.404882 0.460571 0.342329 0.371548 -0.069252 0.062365 0.573533 -0.181853 -0.456046 0.333024 -0.201744 -0.061296 0.525922 0.250454 -0.448517 0.193556 -0.106818 -0.324479 0.038339 
 -86.666140 -1.886121 1.035580 -1.299054 1.175761 1.477864 -0.792322 -0.104462 0.966155 -0.426123 0.647471 0.345097 -0.585306 1.698564 -0.691131 -1.150822 0.853806 -0.275109 -0.158664 0.672866 0.082055 -0.639217 0.225919 -0.015351 -0.680646 0.094675 -0.527895 0.019692 0.159852 -1.025175 -0.324326 0.074216 -0.511471 -0.267464 -0.235594 -0.422530 -0.402839 0.070668 -0.081355 
 -83.945944 -2.521702 -0.142369 -1.367533 -0.048127 0.929490 -0.572291 -0.364364 -0.326251 -0.325706 0.175162 -0.620091 -0.250731 -0.248288 -0.018813 -0.009564 -1.021727 -0.397774 0.242970 -0.635495 -0.130046 -0.010617 -0.502732 -0.434130 0.072085 -0.100344 -1.608853 0.405276 0.702025 -0.634940 0.207673 0.176585 -0.606769 -0.039660 0.569932 -0.136746 -0.037769 0.380999 -0.120971 
 -87.162715 -1.923746 1.016452 -3.342507 0.380213 1.963805 -2.063312 -0.364555 0.944921 -1.431586 -0.220789 0.489268 -0.785994 -1.519142 0.119421 0.253228 -0.416073 0.140237 0.194507 -0.540672 0.002735 0.500646 -0.047573 -0.090890 0.081353 -0.147267 1.632638 -0.068764 -0.098709 1.156839 0.186892 -0.643665 0.727934 0.207972 -0.205486 0.577803 0.316984 -0.048901 0.354829 
 -86.984229 -2.282859 0.364086 -2.199679 0.232348 1.318504 -1.653634 -0.358894 0.675042 -0.420852 -0.006618 -0.457385 -0.545265 3.016989 -0.156340 -0.206982 1.291952 -0.023991 -1.044359 0.820373 0.285898 -0.421589 0.652874 0.199837 -0.025717 0.609314 0.770930 0.324101 0.411531 0.084787 -0.032322 -0.144688 0.281897 0.225903 -0.086545 -0.030681 -0.219759 0.066071 0.002480 
 -81.128737 -2.236426 0.602489 -0.758604 0.332231 -0.124914 -0.422565 0.207241 0.101743 -0.125839 0.178886 0.437833 0.432634 0.022718 0.767624 1.076290 -0.246500 0.075593 -0.094870 0.023122 0.454541 0.327556 -0.108934 -0.530408 0.213495 -0.142306 -2.852316 0.160083 0.360749 -1.165375 -0.033259 0.788347 -0.737391 -0.137838 0.589830 -0.584261 -0.355282 0.039880 -0.558674 
 -86.938793 -0.747611 2.516666 -2.692679 0.383533 1.128764 -1.607390 0.550187 1.330153 -0.638720 -1.067435 -0.030394 -0.829878 -2.687643 0.163825 0.514516 -1.038799 -0.090509 0.532335 -0.654408 0.010222 0.758071 -0.515649 -0.510726 0.054042 -0.508034 2.264586 -0.642894 -1.016870 0.585850 -0.069699 -0.080191 0.332207 -0.368710 -0.500392 0.224787 0.653627 -0.072045 0.449780 
 -86.504023 -1.908775 1.631521 -2.836202 0.151213 0.939756 -1.731381 0.227685 1.617884 -1.157137 -0.842567 0.545917 -0.583435 4.551890 -0.518164 -0.957450 0.925200 -0.063805 -0.255252 0.687535 -0.282879 -0.673228 0.340639 0.776846 0.069405 0.757255 1.567484 0.051447 -0.139554 0.821504 0.108757 -0.462200 0.655306 -0.095850 -0.831903 0.390857 0.463468 -0.052886 0.416392 
 -77.835013 -1.783940 0.601765 -0.842279 0.255923 0.618261 -0.232319 -0.015570 -0.016304 0.042558 0.486258 0.108417 0.684631 0.447325 0.266720 0.235408 0.604208 0.127005 -0.392066 0.656205 -0.181477 -0.905735 0.266064 0.416210 -0.051730 0.324749 -4.939249 0.373024 0.844642 -1.119949 0.235615 0.563545 -0.698968 0.272277 0.768833 -0.483747 -0.702101 -0.013547 -0.849526 
 -85.609373 -1.375335 2.102337 -1.627785 0.405222 0.155625 -0.418972 -0.135270 -0.193586 -0.625009 -0.010147 0.442457 0.066063 -5.326609 0.227884 0.731834 -1.314698 0.407425 0.871838 -0.710400 0.261675 0.864437 -0.626855 -0.627357 0.042311 -0.941797 0.416914 -0.176605 -0.382903 -0.265664 -0.114908 0.184341 -0.301686 0.189235 0.696385 -0.121021 -0.426535 0.003462 -0.292720 
 -88.488232 -1.328173 2.065433 -3.471675 1.070773 2.361936 -1.653119 0.507780 1.712571 -1.211152 -0.768455 0.193038 -1.198963 1.281154 -0.086489 -0.530398 0.072880 -0.102812 -0.023383 0.052833 0.196992 0.487034 0.024023 -0.436859 -0.044807 -0.260691 3.629622 -0.159742 -0.413732 1.079172 -0.277488 -0.746018 0.526710 -0.385631 -0.709944 0.392250 0.453910 -0.102220 0.639989 
 -83.047066 -1.548314 1.041541 -1.482025 0.199598 0.108859 -0.313306 0.258714 0.780481 -0.576964 -0.883866 0.352843 -0.455318 1.932634 -0.091601 -0.095630 0.843646 -0.147551 -0.620198 0.343019 -0.509587 -0.555450 0.157645 0.280463 -0.162129 0.338182 -1.663811 -0.077166 0.293781 -0.295060 0.109532 0.276620 -0.628639 -0.451282 -0.112655 0.047190 0.607661 0.104939 0.210169 
 -84.622964 -1.511375 1.874173 -1.784383 0.775670 1.121540 -0.967081 -0.511393 0.601670 -0.895863 -0.207530 -0.131219 -0.522599 -2.046469 -0.240821 0.057164 -0.517239 0.116252 0.529858 -1.204445 -0.705572 0.261724 0.118404 0.778462 0.165072 0.159648 -1.507059 -0.203469 -0.351852 -0.846496 -0.077293 0.694348 -0.460391 0.335665 0.406976 -0.022690 -0.104330 0.173992 0.026941 
 -87.140003 -2.029956 1.155868 -2.516504 0.432103 1.168575 -2.722196 -1.152430 1.303930 -0.340156 0.673058 0.682986 -0.136023 -1.081485 -0.498538 -0.799333 -0.849346 -0.302137 0.768499 -0.577763 0.161744 0.258502 0.112264 0.071803 0.185856 0.392064 1.488332 0.360898 0.128041 0.154348 -0.057718 -0.114216 0.777343 0.708629 -0.245445 -0.098081 -0.758909 -0.364229 -0.195493 
 -86.785933 -2.508452 0.275508 -3.483075 0.171396 2.658538 -2.122608 -0.187905 1.118674 -0.671334 -0.063924 0.240492 0.261530 0.930196 0.480974 0.313246 -0.208544 0.000817 0.301426 0.350241 0.711686 -0.229166 -0.077758 -0.739355 -0.563385 -0.231338 0.557153 0.479515 0.842350 0.459919 0.216623 -0.566090 0.238163 -0.106411 -0.042026 -0.201310 -0.167262 -0.009056 -0.522854 
 -85.279611 -1.068007 1.782360 -2.933591 0.433736 1.771427 -2.021715 0.270943 0.845598 -0.495672 -0.805653 -0.443785 -0.598699 0.032821 0.460491 0.885368 0.070492 0.131108 -0.363681 -0.101437 -0.051079 0.174450 -0.290356 -0.262721 0.167745 -0.653643 -0.572869 -0.278085 -0.174585 0.136201 0.079997 -0.125425 -0.205488 -0.510849 0.285977 -0.182712 0.280616 0.519924 0.160140 
 -86.720292 -1.587471 2.046243 -3.342092 0.433613 1.931177 -2.325481 -0.290062 1.467574 -1.252046 -0.589366 0.575982 -1.045756 -0.215543 -0.075196 -0.035925 0.063858 0.160811 0.050577 -0.060735 -0.310012 0.342788 -0.443181 -0.178123 0.476462 0.088942 0.180882 -0.135178 -0.663626 0.298542 -0.132864 -0.073860 0.344721 0.067473 -0.324091 0.430037 0.170296 -0.301718 0.400346 
 -85.710697 -1.218399 1.710511 -2.805874 0.755357 1.872581 -2.143185 -0.349082 1.531175 -1.382034 -1.161898 0.509140 -0.420815 0.394585 0.190134 -0.441884 0.667576 -0.134619 -0.511400 0.588005 0.083867 -0.473731 0.569718 0.077870 -0.435692 0.147049 -0.388045 -0.082963 -0.017066 -0.230281 -0.296119 -0.041761 -0.010465 0.299208 -0.188343 0.321151 0.251760 -0.278443 -0.155427 
 -85.931122 -1.207203 1.162474 -2.006939 0.164375 0.908377 -1.149471 -0.122328 0.520111 -0.112610 -0.433626 -0.295402 -0.751659 -0.991633 -0.241123 -0.070057 -0.396704 -0.431428 -0.032946 -0.081665 0.288403 -0.033898 0.199122 0.325398 -0.080423 -0.221912 -0.539864 -0.337358 0.224806 -0.525898 0.087527 0.421513 -0.356071 -0.064382 0.414236 -0.561650 -0.096679 0.310235 0.002316 
 -87.693963 -1.700644 1.570396 -3.599282 -0.107500 1.806689 -2.306514 0.227724 1.463378 -0.983791 -0.511103 0.348294 -0.864640 -0.685144 -0.484582 0.007727 -0.384219 0.040435 0.331625 -0.124137 -0.044898 0.354740 -0.553583 -0.115488 0.184779 0.151681 0.593955 0.001631 -0.063089 0.404328 0.303900 -0.042293 0.268025 -0.254163 -0.041498 -0.158557 -0.201074 -0.028323 0.215042 
 -87.301409 -2.176367 1.177927 -2.775377 0.245244 1.571627 -1.397744 -0.212123 1.229590 -1.219775 -0.664603 0.074156 -0.448296 0.196277 -0.237862 -0.196235 0.411953 0.176372 -0.117531 0.454385 -0.219924 -0.116894 -0.117992 -0.076750 -0.137069 0.208172 0.440710 0.123360 -0.101981 0.398086 0.067969 -0.224578 0.289261 -0.087513 -0.235817 0.217795 0.019369 -0.160924 0.028245 
 