-76.025907 -0.592867 1.992736 -3.957444 -1.020672 1.316084 -0.641990 1.543567 0.035382 -0.181647 -0.793132 0.710234 -0.240091 0.259963 -0.275118 -0.390867 0.599246 -0.047518 -0.554290 0.066006 -0.179991 -0.135369 0.109109 -0.117823 -0.355424 -0.172683 2.323626 -0.167339 -0.117603 0.482867 0.216022 -0.180084 0.284604 -0.129120 0.082045 0.085318 0.280517 0.113040 0.204742 
 -75.505980 -1.143103 1.211003 -2.758951 -1.115708 0.207504 -0.509979 1.183584 -0.235355 0.036571 -1.028779 -0.000614 -0.585458 4.907216 -0.609797 -0.626072 1.564981 0.384526 -0.914458 0.635213 -0.438231 0.028721 0.279745 0.443211 -0.129344 0.236802 0.090096 0.096295 0.449898 -0.505189 0.111461 0.126455 0.290288 0.332732 0.356811 0.039100 0.165792 0.328291 0.193473 
 -66.211475 -1.812461 0.740592 -0.827483 -0.251620 -0.512832 0.628435 0.667104 0.092824 0.377843 0.093290 0.451546 0.233512 0.440156 -0.082529 0.508930 -0.411133 0.175404 -0.301381 0.646581 0.485472 0.578253 0.187308 0.213761 0.301158 0.214262 -4.872731 0.289769 0.473509 -1.379426 -0.241717 0.683238 -0.486862 0.352243 0.087461 -0.470542 -0.585101 -0.172224 -0.299892 
 -74.625669 -1.308160 2.228862 -3.581216 -0.764900 -0.395258 0.783184 2.154529 0.921151 0.411187 -0.601256 0.601702 -0.156934 -4.838246 -0.030258 0.320945 -1.193871 -0.098907 0.452019 -0.338511 0.266255 0.203642 -0.661339 -0.726990 -0.473792 -0.362983 1.560426 -0.086543 -0.802044 0.714006 -0.089347 0.349708 -0.618314 -0.657609 -0.618965 -0.208636 -0.018607 -0.228976 -0.040020 
 -75.887968 -1.872977 1.382482 -3.215224 -0.449434 0.391205 -0.048586 1.199615 0.500109 -0.944835 -1.360691 -0.496039 -0.492454 3.561007 -0.255614 -1.095158 1.016880 -0.003291 0.398036 -0.590047 -0.829747 -0.659677 -0.229965 0.176548 -0.156794 0.134222 2.604247 -0.051813 -0.585147 0.752844 -0.148898 -0.043875 0.070597 -0.130293 -0.293922 0.567754 0.748798 0.599515 0.286857 
 -67.503655 -1.819388 0.038545 -1.547456 -0.771482 0.400813 -0.396909 0.495035 -0.398203 -0.048743 -0.248160 0.288114 0.111511 0.370247 -0.133884 -0.849348 0.311817 -0.396703 0.364269 -0.197318 0.005670 -0.384202 0.474169 0.770607 0.725238 0.210731 -3.876684 0.332938 1.056287 -1.093101 0.106317 0.071050 0.132766 0.649831 0.722255 0.014508 -0.345443 0.003275 -0.305216 
 -75.147475 -2.140746 -0.316214 -2.591589 -1.242840 1.119743 -0.443222 1.210955 -0.268295 0.003502 0.180523 0.954437 -0.070993 -4.192360 0.410262 1.017416 -1.169322 0.209344 0.540135 -0.324515 0.469916 0.784833 -0.200949 -0.514338 -0.150245 -0.476210 -0.669051 0.372579 1.025120 -0.825315 0.197372 -0.192023 -0.135913 0.093400 0.293524 -0.374622 -0.611643 -0.397692 -0.084126 
 -75.888376 -0.998865 2.073378 -3.886100 -0.352794 1.481083 -1.045940 1.434867 1.171463 -0.450640 -1.276836 -0.012375 -0.840909 -0.967854 0.611274 1.200892 -1.338812 -0.001958 -0.019778 -0.469144 0.192470 0.202846 -0.275075 -0.452680 -0.070146 0.042478 1.479823 -0.125401 -0.534538 0.581990 -0.123457 -0.014992 0.213945 -0.202206 -0.657711 -0.002748 0.319085 0.084293 0.437487 
 -77.083183 -0.918197 2.085570 -5.269214 -1.246757 1.080186 -1.381510 1.595895 0.137396 -0.546648 -0.724836 0.814144 0.013964 -1.232714 0.159461 -0.051659 -0.005343 -0.037571 0.510150 0.103375 0.065504 -0.530588 -0.206446 0.123832 0.018341 0.398763 0.167766 -0.275857 -0.755859 0.927975 -0.116096 -0.025383 0.417117 0.061300 -0.110447 0.410344 0.046444 -0.143560 -0.240206 
 -78.353804 -0.679943 1.970060 -3.896785 -0.427936 2.501383 -0.839190 1.565875 0.110288 -0.863531 -1.029172 0.024306 -0.043383 -0.632323 0.059561 -0.310827 0.517138 -0.234150 -0.070544 0.365089 0.315070 -0.018048 0.545613 -0.359792 -0.357266 -0.437933 1.113947 -0.027259 0.097767 -0.151316 -0.113366 -0.661164 -0.281903 -0.088563 0.292784 0.083827 -0.289268 -0.002783 -0.502152 
 -78.347829 -0.799075 1.463916 -4.234938 -1.715058 0.939098 -0.651331 2.226035 0.101300 0.544577 -1.444421 0.099613 -0.861903 0.995180 0.104942 0.143874 -0.307975 -0.264302 -0.812177 -0.460430 -0.111621 0.054981 -0.038791 -0.454704 0.012774 -0.605541 0.791071 -0.187438 -0.043079 -0.112994 0.234040 0.047105 -0.370395 -0.359992 0.098111 -0.606168 0.228404 0.338925 0.356186 
 -76.363444 -0.470060 2.257809 -4.512736 -0.956541 0.877028 -1.760051 1.342634 0.220250 -0.941113 -1.938579 0.049854 -1.254464 0.949819 -0.315315 -0.396985 0.291149 0.233930 0.023666 -0.375702 -0.404913 0.178174 -0.666724 0.097016 0.320585 0.274439 -1.221896 -0.337213 -0.445791 0.462624 0.142895 0.443928 0.464278 0.133747 -0.025121 -0.054208 0.233820 0.023939 0.402059 
 -76.448192 -1.429705 0.669945 -3.652639 -1.247199 0.986431 -1.402735 1.416209 0.457648 -0.788872 -1.250388 0.740784 -0.313026 -1.448612 -0.569484 -0.747708 0.617273 0.021488 0.075679 0.468125 0.155874 0.004739 -0.147206 0.012936 0.060651 0.198578 -0.790737 0.145340 0.227300 -0.073005 -0.035873 0.087102 0.395747 0.267114 -0.264651 0.299779 -0.305070 -0.478596 -0.311529 
 -79.260667 -1.609029 0.762393 -3.278190 -0.913565 1.028386 -0.823801 1.654381 0.229728 -1.235526 -1.912707 0.171156 -0.857309 -0.631655 -0.024635 0.057614 0.145139 0.162185 0.197870 0.415792 0.129316 -0.351129 -0.067167 -0.513123 -0.636606 -0.348620 1.362382 0.182861 0.256225 0.109089 0.334535 0.229691 0.129216 -0.280576 -0.040124 0.274212 0.238062 -0.401377 0.005117 
 -77.711502 -1.478975 0.785174 -3.362361 -0.922830 1.382171 -0.571151 1.674841 -0.244609 -0.923206 -2.276635 -0.532428 -1.010266 1.276153 -0.203762 -0.235258 0.835451 0.690559 0.535061 0.726556 -0.405278 -0.075510 0.401217 0.489060 -0.742104 0.208812 -0.773456 0.018862 -0.012828 -0.104731 0.086366 0.039628 -0.535188 -0.341484 0.565080 0.021470 0.553113 0.490696 0.206946 
 -76.708361 -2.016553 0.291877 -1.607288 0.467552 2.098508 0.629311 0.843826 0.078708 -0.433091 -0.934587 -1.313053 -0.439685 -2.178567 0.013090 0.031959 -0.064323 0.334917 0.277125 -0.654585 -0.553652 0.779031 -0.024227 0.593102 0.344786 0.065273 -1.915199 0.307055 0.370624 -0.714426 -0.450942 -0.358483 -0.778918 0.168134 0.199757 -0.240266 -0.184153 0.716072 -0.167457 
 -82.068636 -1.452795 0.849092 -3.491007 -0.252996 1.936422 -1.880320 0.567538 1.313453 -0.971659 -1.090431 0.157143 -0.879721 -2.554245 0.410348 0.505991 -0.593402 -0.211326 -0.181905 -0.831281 -0.069009 0.324005 -0.079314 0.120754 0.690041 -0.126103 1.832691 -0.161329 -0.029645 0.635282 -0.198352 -0.611096 0.872274 0.385702 -0.796257 0.265329 -0.186524 -0.253974 0.220175 
 -81.816850 -1.195857 1.303858 -2.794092 0.044901 1.734699 -1.033250 0.705807 0.726718 -0.591719 -0.693080 0.067029 -0.691891 1.486816 -0.309569 -0.027331 1.206241 -0.061786 -0.945067 1.089963 0.217753 -0.813483 0.506432 0.220054 -0.163163 0.505623 7.346387 -0.325392 -0.410963 0.412417 0.171956 0.327021 0.423274 -0.189861 -0.370653 0.240087 0.567931 -0.171987 0.199680 
 -79.095005 -2.071934 0.794430 -1.078526 -0.376569 0.046288 0.299606 1.003043 -0.313512 0.041204 -0.650323 -0.169183 0.131525 12.138529 -0.240435 -0.315936 0.231432 0.132586 0.472138 0.015267 -0.448732 -0.417301 0.400860 1.256616 0.346068 0.273257 6.002979 0.362046 0.297166 -1.049107 0.214981 0.913429 -0.839684 -0.388908 0.580738 -0.053676 0.579200 0.438065 -0.442524 
 -57.539791 -1.676727 0.671986 -2.331228 0.310073 2.678975 -1.002716 -0.191657 -0.107884 0.210001 1.820153 0.759164 -0.145377 13.492773 0.414522 0.567002 -0.891972 0.368176 0.881790 -0.589404 -0.560064 0.347994 0.399080 1.378455 0.712966 -0.379425 -8.068853 0.424698 0.837910 -0.297392 0.101263 -0.580640 -0.002606 0.174559 0.517212 -0.039867 -0.736866 -0.362452 -0.033925 
 -52.109458 -1.242889 1.928434 -2.862470 0.359783 1.809869 -0.879203 -0.117085 0.382476 0.839364 2.106587 1.256749 -0.627326 -3.999176 0.608962 1.359884 -0.363351 0.335112 -0.689142 0.010055 -0.099615 0.617124 0.321126 -0.217116 -0.378835 0.205408 -14.037730 -0.292504 -0.435450 0.533738 -0.188462 -0.501470 0.431084 0.500605 0.006043 -0.313401 -1.133511 -0.758173 0.333251 
 -65.538142 -0.458804 3.391755 -3.057930 0.980296 1.300692 -0.982607 -0.390886 1.126363 0.852252 1.385921 0.001493 0.265438 -14.582687 -0.170485 -0.303897 0.175504 -0.008748 -0.121150 0.272763 0.441146 0.360080 -0.227722 -0.888568 -0.803379 0.287077 -2.921544 -0.581501 -1.263112 0.062770 -0.410678 0.608327 -0.165911 0.262267 -0.273867 -0.610433 -0.253292 0.290411 -0.370327 
 -81.274833 -1.583859 1.320639 -2.511463 0.342287 1.567568 -0.333677 0.765207 1.102636 0.383921 0.329451 -0.350010 -0.053173 -9.842264 -0.554040 -1.166339 -0.237811 -0.486245 0.527512 -0.321766 0.424919 0.069389 -0.899741 -0.723700 0.201987 -0.535247 6.283619 0.070615 0.125068 -0.212517 -0.107898 0.048249 -0.399433 -0.355768 -0.290009 -0.147269 0.349527 0.569021 -0.300914 
 -85.222670 -1.566884 1.059076 -3.533553 0.007806 2.355715 -1.626140 0.458952 1.265141 -0.947229 -0.061479 0.405467 -0.805055 -2.015450 -0.029254 -0.053762 -0.249529 -0.224545 -0.024652 -0.526104 -0.270391 -0.219938 -0.522259 -0.189513 0.334663 -0.314752 5.184939 0.273552 0.551976 -0.059822 0.100320 -0.393085 -0.089410 -0.321313 -0.133464 0.646329 0.441833 -0.345485 -0.046565 
 -85.305733 -1.642366 1.213116 -3.010522 -0.106803 1.518264 -1.385885 0.224426 0.662760 -0.660597 -0.049575 0.319316 -0.682676 0.527614 -0.006936 -0.062388 -0.357455 -0.285605 -0.258658 -0.500587 -0.217708 -0.197538 0.392916 0.159967 -0.488984 -0.628377 0.722504 0.117316 0.167343 -0.166455 0.351531 0.260483 -0.065858 0.020174 0.121625 -0.031651 0.015027 -0.093012 0.323422 
 -84.167442 -1.580755 0.934301 -4.248463 -0.563405 1.838400 -2.627313 0.023537 0.870065 -0.161396 0.258455 -0.572501 -2.061809 -0.570442 0.205377 0.280924 -0.582439 0.478518 0.496314 -0.657821 -0.230044 0.023312 -0.585561 -0.159459 0.148639 0.332093 0.398984 0.075004 0.274105 0.698826 0.309931 -0.302067 0.615622 0.102831 0.018140 -0.122223 -0.177613 0.450779 0.745440 
 -86.446616 -1.231611 1.774964 -4.175400 0.850234 2.510891 -2.701527 -0.235661 0.709384 -1.831718 -0.368493 0.616594 -0.018489 1.325581 0.143073 0.485823 1.040197 0.334256 -0.862793 0.730657 -0.012045 -0.161258 0.148470 -0.195260 0.412574 0.862504 1.618979 -0.266795 -0.336678 0.977248 -0.338730 -0.811133 0.567186 -0.032847 0.008227 0.728835 0.244632 -0.205084 -0.292460 
 -81.516279 -1.294609 1.905947 -2.168070 0.105107 0.112814 -1.166000 -0.000552 0.547549 0.135543 -0.132064 0.252647 -0.336802 2.667516 -0.328212 -0.392431 1.372056 -0.198941 -1.125953 0.476552 -0.295737 0.039766 0.872110 0.329805 -0.261530 -0.252826 -1.699844 -0.153718 -0.287944 -0.683836 0.038610 0.766045 -0.570081 -0.233516 0.202333 -0.480456 0.012730 -0.263942 -0.460273 
 -81.111584 -1.888036 0.990102 -1.431287 0.452351 0.258985 -1.748423 -0.827136 0.788916 -0.087497 0.291117 0.093533 -0.524140 -2.074106 -0.164363 -0.090066 -0.327475 0.411475 0.669297 -0.409505 -0.479077 0.243407 -0.812442 -0.169800 -0.115310 -0.058042 -1.338255 0.073718 0.077568 -0.378846 0.164569 0.663816 0.159290 0.205444 -0.286233 -0.514370 -0.234725 -0.090938 0.314260 
 -85.664491 -1.623336 1.725816 -2.823019 0.928058 1.451409 -1.985010 -0.958707 1.034362 -1.489340 -0.471665 0.022027 -0.452885 -0.008994 -0.180777 -0.237295 0.614364 0.130196 0.201678 0.795131 0.115150 -0.532700 -0.156630 -0.139645 -0.443406 0.375694 3.463773 -0.055842 -0.259925 0.898074 -0.270431 -0.671028 0.645979 0.312558 -0.460698 0.803770 0.336120 -0.005833 0.187456 
 -81.129573 -2.249589 0.515512 -0.202559 0.712743 0.662342 -0.158160 -0.596835 -0.276483 -0.400756 0.011828 -0.793279 0.227248 4.853441 -0.276047 -0.609915 1.468674 -0.129387 -0.672758 0.882452 0.146038 -0.677989 0.795099 0.502439 -0.126977 0.316870 -1.387846 -0.002143 0.111255 -1.035980 -0.389363 -0.010323 -0.483768 0.421190 0.684982 0.184504 0.108727 0.698301 -0.315014 
 -75.957609 -2.175430 0.505986 0.114329 0.669284 0.105893 -0.220106 -0.666630 -0.321615 0.100858 0.533213 -0.231927 0.180854 -2.784686 -0.185063 -0.014785 -1.457597 -0.648529 0.181033 -0.172404 0.957531 0.837264 0.212379 0.077810 0.953197 -0.254334 -4.932538 0.300476 0.440457 -1.490540 -0.085315 0.653585 -0.817017 0.124730 0.649806 -0.573557 -0.523529 0.313296 -0.382587 
 -86.698944 -2.619715 0.485942 -3.117752 -0.584314 1.024408 -0.502969 1.318226 1.398046 0.024002 0.167448 1.113114 -0.281419 -5.011636 0.324906 0.270998 -1.512406 -0.300016 0.634412 -0.751582 0.395499 0.621623 -0.352015 -0.544618 0.499614 -0.448304 2.606026 0.144177 -0.245427 1.055534 0.381214 -0.130930 0.177214 -0.611372 -0.825448 -0.025504 -0.088399 -0.759621 0.212709 
 -85.980881 -1.525619 1.047982 -2.910483 0.069253 1.374717 -1.723270 0.124368 0.921632 -0.603171 -0.556024 0.767302 -0.715754 2.427367 0.103291 -0.505639 0.653471 0.113900 -0.080827 0.182025 -0.265213 -0.813632 0.161370 -0.098988 -0.566045 0.171084 2.616951 -0.215374 -0.234497 0.690762 0.091049 -0.160306 0.558064 -0.008894 -0.226886 0.231515 0.191610 -0.486019 0.349808 
 -81.844209 -2.413133 -0.525336 -1.810810 -0.356514 0.862754 -0.138920 0.787800 -0.229218 0.346742 -0.030528 -0.018976 0.060750 0.222266 -0.105843 -0.197995 -0.130883 -0.117919 0.313800 0.364545 0.377710 0.167851 0.111015 -0.161398 -0.472423 0.251312 -1.550289 0.286649 0.807276 -0.965912 -0.065908 0.449960 -0.529499 0.321760 0.949227 -0.497200 -0.441813 0.372993 -0.303823 
 -85.536349 -1.737304 0.651993 -3.172249 -0.166585 2.002317 -0.994181 0.879788 1.257334 -0.381141 -0.878820 -0.177544 -0.213130 -0.673210 0.676589 1.108913 -1.278352 -0.017915 0.819092 -0.876973 0.378307 1.084822 -0.833030 -0.982613 0.179940 -0.436562 2.894547 0.012774 -0.191578 0.019324 -0.392643 -0.266033 -0.079583 0.197473 -0.344890 -0.009313 -0.020702 0.490608 -0.070578 
 -83.190629 -1.059956 1.692490 -4.367514 -0.392345 2.500937 -1.892866 1.544414 1.940425 -1.319317 -1.995754 0.340905 -0.812375 6.011360 -0.080295 -0.581151 -0.092235 -0.903204 -0.218267 0.205379 0.772656 -0.521928 0.092390 -0.202802 0.508794 0.110155 3.597147 -0.895527 -1.435693 0.764905 -0.333706 -0.244427 0.930315 0.330197 -0.935480 0.567925 0.386705 -0.137575 0.334622 
 -73.513628 -1.897894 -0.510309 -3.356719 -1.972993 1.565784 -0.583423 2.425100 0.213478 -0.196361 -1.284423 0.840043 0.007181 6.521084 -1.114465 -1.762473 0.251459 -0.685327 0.330238 0.983657 1.038702 -0.786139 0.302820 -0.209203 -0.095210 0.232681 -1.911766 -0.087249 0.491275 -0.154746 0.915604 0.544251 0.086969 -0.359828 0.427935 -0.225513 0.005278 -0.601325 -0.110428 
 -70.148461 -3.288886 -1.832457 -3.864596 -1.763000 3.161413 0.074449 3.621817 0.368148 -0.713676 -2.414159 0.150486 -0.347013 2.187828 -0.254793 0.401399 -0.401727 0.928004 0.870236 0.379317 0.052999 0.333941 -0.358635 -0.192245 -0.693856 -0.110701 1.348908 1.306216 2.486749 -0.641963 0.708084 -0.655103 -0.124833 -0.658804 0.481098 0.233750 0.531165 -0.234292 0.103693 
 -69.137972 -2.407480 0.292488 -4.160173 -0.116984 3.306255 0.175210 2.531097 0.881361 -0.913632 -1.668913 -0.547669 -0.214221 9.218901 1.497967 3.211025 -1.032468 0.730841 -0.979967 0.733992 -0.278906 0.176058 0.770321 0.853128 -0.563793 0.440068 4.330006 0.554321 1.175884 -0.532309 -0.263355 -0.750928 0.156793 0.203773 -0.018684 0.409187 0.098615 0.090075 0.063922 
 -51.710660 -0.292952 4.589592 -5.929532 -0.301317 1.201479 1.542432 3.064005 0.720264 0.826966 -0.707903 -0.977100 0.533123 10.847840 0.853849 2.753166 -1.466344 0.401294 -0.631620 0.692902 0.460545 0.296572 0.459739 0.004985 -0.513707 0.017142 -3.468723 -0.972364 -1.378488 0.210503 0.030783 0.798521 -0.392327 0.022556 0.201636 -0.783820 -0.571234 -0.036973 -0.304579 
 -47.442291 -0.699782 5.798821 -7.092861 0.685604 2.043015 1.561014 3.452186 1.474505 0.005846 -1.658943 -1.575082 -0.179937 2.281454 -0.446761 0.454050 -0.611461 0.792407 0.617075 -0.050662 -0.233794 0.579330 -0.797318 -0.289340 -0.637739 -0.169090 -4.695552 -0.824959 -2.004688 1.799694 -0.156669 -0.452436 -0.299052 -0.730052 0.038754 -0.198614 0.292663 0.323337 0.049345 
 -47.147751 -1.186474 5.497691 -7.152454 1.283497 2.435630 1.441107 2.596417 1.878924 -0.767670 -1.286584 -2.252577 0.194943 1.456736 -0.796068 -1.256210 2.133043 0.087955 -1.536492 0.094798 -0.999560 0.374081 0.062511 0.590311 0.132967 0.115833 -0.167782 0.040216 -0.836155 1.438808 -0.554816 -1.229247 0.005431 -0.369549 -0.409938 0.581115 0.433219 0.626575 -0.035922 
 -44.528819 -2.291917 3.286400 -2.826775 0.861515 -1.029968 1.750610 1.453066 2.222667 0.130868 -0.478321 -1.309148 0.051730 1.945890 -0.366329 -1.218261 2.266155 -0.317226 -1.841419 -0.039801 -0.972892 -0.240547 0.364912 0.577097 0.615412 -0.240934 -2.312175 1.232591 1.878385 -2.916801 0.150857 1.789475 -0.977918 0.291830 -0.066885 -0.378883 -0.143076 -0.065296 -0.334956 
 -43.255972 -1.919133 3.061170 -2.620145 0.649045 -1.247209 1.361504 0.650632 1.397831 -0.037845 -0.132389 -1.021753 -0.286925 -3.167614 1.669114 2.500560 -3.700558 0.389669 2.042459 -1.861039 -0.415900 0.240311 -0.695256 0.304158 0.002375 -0.554079 -1.360048 0.302763 0.978336 -1.269458 0.361646 0.916483 -0.150611 0.244311 0.198833 -0.192007 -0.136093 -0.315382 0.174520 
 -50.864047 1.046310 8.287521 -10.227891 1.640854 3.054950 -1.971468 0.621265 2.703288 -1.259643 0.129994 -1.304398 -1.056429 -0.774207 0.239196 0.738411 -0.272762 0.406066 -0.008453 -0.341024 -0.484271 0.157119 -0.019101 0.304912 -0.015352 0.108107 4.717655 -1.464275 -2.331836 4.165853 -0.037754 -2.080049 1.555680 -0.296839 -0.544368 0.312008 -0.101025 0.390450 0.628296 
 -44.804386 -1.440741 4.537992 -3.165669 1.461176 -1.264115 0.679457 -0.317909 1.712070 -0.076048 0.477434 -1.052456 -0.070710 6.267696 -1.259436 -2.163112 4.631148 0.314162 -2.117640 1.250321 -1.009578 -0.848425 -0.071240 0.102108 0.783276 0.702512 0.875714 0.360880 0.369490 -0.051424 0.246209 0.631944 -0.206715 0.030573 -0.134000 -0.978359 -0.541630 0.744516 -0.124780 
 -38.328655 -1.472561 3.961297 -0.965596 2.269177 -1.180329 0.529175 -1.397891 1.006438 -1.402122 0.334211 0.262153 0.348596 0.977220 0.960957 1.477391 -0.375611 0.898484 1.255434 -0.754454 -0.423125 -0.110881 -1.975819 -0.778348 1.473680 -0.141452 -5.134423 1.292494 2.309792 -2.893157 0.180500 1.496775 -0.812880 0.479473 0.332837 -0.548669 -0.515895 -0.076263 -0.700616 
 -42.849946 0.481173 7.492773 -3.916891 3.258144 1.246753 -0.829452 -1.164159 1.490307 -4.027686 -1.079262 1.894904 -0.353615 -4.001150 1.325553 2.456471 -1.155167 0.675161 0.875910 -0.375439 -0.050631 -0.182750 -1.168577 -0.929681 0.630750 -0.698719 -1.606101 -0.725249 -1.303723 1.050517 -0.671951 -1.380046 0.628420 0.045151 -0.416003 1.588249 0.396945 -1.313121 0.038423 
 -46.330955 1.178544 8.874240 -3.275929 3.619499 0.571491 -0.221704 -1.499153 0.640939 -3.739276 -1.525151 1.523652 -1.048842 -2.234981 -0.489541 -1.130055 1.725424 -0.445418 -1.504657 0.502386 -0.332823 -0.942888 1.200679 0.015541 -1.152562 -0.064607 -1.879801 -1.139041 -2.640094 1.186717 -0.823767 -0.464521 0.100475 0.346805 0.419289 1.246252 0.672437 -0.510349 0.445422 
 -47.319909 -0.497909 5.232662 -0.466044 2.367307 -1.762562 0.175320 -1.829806 -0.395468 -1.626329 -1.048180 -0.410220 -0.482829 -7.760753 -0.952528 -2.823716 1.218267 -0.972373 -0.053132 -0.174488 0.642980 0.655829 1.323926 0.415193 -0.389948 0.192125 -3.303341 0.532668 0.615013 -1.431793 0.250125 1.612271 -0.616552 0.640937 1.223700 -0.629762 0.049689 1.014952 -0.069193 
 -61.852460 -0.726512 3.226808 -0.839395 1.674752 0.465226 -0.570681 -0.213193 1.952596 -1.091423 -0.694765 0.743756 -0.664591 -8.841663 0.575795 0.099970 -1.138162 0.054832 1.719886 -0.730719 0.949050 1.504512 -0.058845 0.114920 0.877343 -0.202994 2.856420 0.316538 1.143897 -0.504688 0.497227 0.103454 0.143135 -0.508887 -0.768844 -0.603462 0.083990 0.233369 0.238223 
 -65.003235 0.653682 5.432602 -2.742367 2.476972 1.677209 -1.286118 0.068295 2.613557 -1.744019 -0.818339 1.344465 -0.888817 -2.047913 -0.319453 -0.535921 0.208890 0.022081 0.153775 0.111781 -0.374794 -0.881858 0.117003 0.583174 0.076790 0.668572 2.023469 -0.757120 -0.611234 0.780351 -0.207674 -1.197934 0.673117 -0.746042 -1.311995 0.124699 0.285684 -0.560791 0.520951 
 -65.948286 -1.365419 2.154965 -0.421614 1.718915 0.772777 -0.347119 -0.962781 0.188879 -0.857417 0.471583 0.897337 0.672554 -4.794725 -0.938446 -1.122497 0.422541 -0.360515 -0.675982 0.615515 -0.543033 -1.119477 0.190552 0.686288 -0.244239 0.838908 -2.378785 0.221963 0.746506 -1.200838 -0.037209 0.076914 -0.654496 0.025356 0.880191 -0.410624 -0.343094 -0.001135 -0.547764 
 -74.592684 -1.223210 3.187607 -1.897285 1.755942 0.325246 -0.055089 -1.017770 0.374602 -1.362914 0.554237 0.855987 0.788999 -6.805483 0.124473 0.957091 -2.192786 -0.052337 0.307603 -1.197212 -0.324082 0.878524 -0.704244 -0.103015 0.074520 -0.426955 1.989800 0.528149 0.633157 -0.417949 -0.016852 0.266156 -0.251251 0.349792 0.472664 -0.003469 -0.473151 -0.280461 -0.726239 
 -79.559252 -1.116474 4.069147 -4.807187 1.614242 1.387983 -2.741542 -1.610945 1.945927 -2.265905 0.265553 1.046377 -0.181356 -0.815124 0.117851 0.143816 -0.413357 -0.394218 -0.143669 0.113012 0.156551 -0.174150 0.183614 -0.260013 -0.805162 -0.613569 3.305484 -0.070205 -0.838848 1.732570 -0.214396 -0.355118 1.237622 0.583651 -0.794866 0.672447 -0.215293 -0.461786 0.118057 
 -76.222932 -0.987507 3.475239 -2.724000 0.967505 0.037907 0.170936 -0.704668 0.026302 -0.995686 0.034211 -0.754336 -0.438139 -0.194515 -0.015938 -0.720605 1.272354 -0.481129 -0.402633 1.278033 0.843221 -0.711209 0.640649 -0.533602 -0.849051 -0.190842 -1.122756 0.209290 0.221264 -0.304463 0.251874 0.474776 -0.547301 -0.020557 0.297135 -0.136220 0.118343 0.508824 0.252068 
 -79.948282 -1.148350 2.627936 -2.262478 0.651983 0.582716 -0.185476 0.075496 0.523508 -0.984607 -0.801651 -0.651726 -0.563040 -3.060635 0.536431 0.586344 -1.022284 0.109530 0.805883 -0.981590 0.115436 0.420120 -0.088825 -0.023327 0.212486 -0.109433 0.964351 -0.000239 0.091179 -0.593177 -0.016249 0.080849 -0.998598 -0.553470 0.200246 -0.009991 0.492265 0.660646 0.069496 
 -82.344201 0.085355 4.647927 -4.768568 1.186564 1.649674 -1.792245 -0.473796 0.866541 -1.173336 -0.012444 -0.329365 -0.657005 1.734187 -0.016416 -0.538246 0.086000 -0.513627 -0.240935 -0.719163 -0.263718 -0.310717 0.620666 0.450928 0.472241 -0.051850 2.902745 -0.648682 -1.074999 1.440684 -0.307056 -0.873575 0.665072 -0.146191 -0.406134 0.350444 0.047123 0.026367 0.069823 
 -76.479908 -1.181183 1.551443 -2.090477 -0.375271 0.100847 -1.623803 -0.451941 -0.097926 0.256726 0.100205 0.292756 -0.666739 2.744854 -0.760934 -1.563653 1.859084 -0.504583 -0.941267 0.348554 -0.176945 -0.392149 0.612062 0.070919 0.265219 0.030213 -2.576265 0.213313 0.704152 -0.616357 0.463105 0.491134 0.220161 0.186520 0.571110 -0.547924 -0.294599 -0.091749 0.089649 
 -76.854492 -1.436512 1.520621 -1.050399 0.177399 -0.232861 -1.095136 -0.827686 0.082244 0.050788 0.129394 0.201074 -0.596578 -3.418343 0.410210 0.870058 -1.146714 0.412583 0.741333 -0.278841 0.109322 0.831503 -0.475182 -0.138271 0.288743 0.127448 -1.940038 0.353762 0.685803 -1.033446 0.145780 0.471013 -0.099119 0.270958 0.207985 -0.312357 -0.112496 -0.159650 0.053414 
 -83.316594 -0.360764 3.291560 -4.383905 0.449894 1.583513 -2.181484 -0.233297 1.565079 -0.693638 -0.176338 0.870243 -0.411843 -1.135222 -0.053410 -0.192048 -0.207807 -0.213023 0.000758 0.150317 0.364971 0.023821 -0.012653 -0.154073 -0.054080 0.137042 4.123637 -0.723794 -1.319026 1.481983 -0.341775 -0.725328 0.641111 -0.029659 -0.796619 0.349447 0.102498 -0.455078 0.004414 
 -79.124937 -1.543331 1.136525 -1.466014 -0.248648 -0.231345 -0.794502 -0.097743 0.129887 0.025483 -0.178751 0.092913 -0.322495 4.828931 -1.037378 -1.767993 1.817253 -0.270967 -0.709322 1.003381 0.050003 -0.761736 0.223711 0.066725 -0.621412 0.136277 -0.217111 0.234709 0.589129 -0.551316 0.286171 0.384876 -0.422777 -0.299277 0.244975 -0.115426 0.198244 -0.090891 -0.197592 
 -73.658732 -2.435519 -0.244425 -0.749399 -0.092039 0.164869 -0.174722 -0.133292 0.041606 -0.246215 -0.042888 -0.372581 -0.139289 -1.569444 0.416009 0.986211 -1.310440 0.359318 0.770510 -0.695238 -0.233582 0.513771 -0.243505 0.242416 -0.235863 -0.258142 -4.422255 0.713153 1.380900 -1.523964 0.121426 0.535414 -1.100858 -0.240188 0.602284 0.130569 0.324082 0.492842 -0.187620 
 -82.263825 -0.711314 3.108947 -4.086894 0.469988 1.309675 -2.184977 -0.564908 1.157430 -0.461527 0.306081 -0.378812 -0.838779 -4.015580 0.388928 0.993807 -1.230674 -0.028114 0.361506 -1.198334 -0.430374 0.442832 0.484849 0.714889 0.364272 -0.238964 2.825113 -0.528615 -1.064764 1.420392 -0.171278 -0.566707 0.563196 0.088386 -0.288408 0.516377 0.129804 0.222413 0.237399 
 -81.689892 -1.657663 1.743189 -3.210746 -0.148268 0.887882 -2.571391 -0.994039 0.927270 0.723484 1.386891 0.355964 -0.617216 4.080781 -0.641221 -1.143317 1.530345 0.016762 -0.362904 0.431154 -0.056811 -0.063045 0.789250 0.502023 0.208963 0.216657 2.440290 -0.211006 -0.544110 0.336027 0.338691 0.394272 0.776994 0.473782 0.136387 -0.719999 -0.664512 -0.418081 0.251912 
 -74.102262 -1.993756 0.822312 -1.026203 0.503511 0.583867 -1.322670 -0.678531 1.031339 1.116973 1.310127 0.039114 -0.405465 0.865001 -0.033084 -0.094412 -0.558621 0.649269 1.150050 0.355653 0.517191 0.715605 -0.955149 -0.614134 -0.471891 0.264861 -4.061906 0.366658 0.790737 -1.412956 0.100064 0.656157 -0.207449 0.016665 -0.073643 -1.020781 -0.544501 -0.102562 0.108643 
 -79.959890 -1.723831 1.554365 -4.327988 1.150270 3.187981 -1.860085 0.040344 2.358481 -1.186814 0.158622 -0.587817 -0.087494 -4.043031 0.092094 0.438156 -1.295568 0.216891 0.949409 0.016255 -0.023482 -0.210331 -1.252311 -0.586979 0.003839 0.433943 0.751912 -0.048751 -0.175875 1.075901 -0.642949 -1.409625 0.062452 -0.333615 -0.724351 0.875824 0.256527 0.189465 -0.283484 
 -82.188324 -1.809568 1.698624 -3.617339 0.937292 2.482686 -1.290159 -0.725494 0.610678 -1.387649 0.136170 0.046791 0.462421 2.368825 -0.130585 -0.446163 1.593182 -0.636628 -1.669200 0.480556 -0.150039 -0.733097 0.796499 -0.101080 -0.092961 -0.302107 3.322603 0.075184 -0.197012 0.493611 -0.373901 -0.677486 -0.169251 0.147419 0.226379 1.009116 0.364617 -0.147407 -0.490397 
 -75.222241 -1.985000 0.662039 -1.141625 -0.122987 -0.150418 -0.898972 -0.259735 0.892286 0.406184 -0.043539 -0.773739 -0.691709 2.602175 0.242462 0.044132 -0.308346 -0.530911 -0.405562 -0.322248 0.271357 0.242427 0.765922 0.142255 -0.290975 -0.546851 -2.872723 0.258346 0.703983 -1.628048 0.551733 1.341386 -0.470570 0.140691 0.726992 -0.766693 0.022310 0.301125 0.279916 
 -76.983973 -1.324644 1.786887 -4.234031 -0.124530 1.671562 -1.934655 -0.182781 1.095532 0.144194 0.420679 -0.535159 -0.631280 -3.376622 0.386108 0.961803 -1.662915 0.466838 1.013573 -0.460584 0.131343 0.720886 -0.736886 -0.056460 0.509289 0.257724 -1.342537 -0.335428 -0.395479 0.943042 0.329582 -0.077625 0.701541 0.016738 -0.347267 -0.516839 -0.320389 0.150917 0.437939 
 -81.975484 -1.212784 2.585644 -4.467455 0.810688 1.876728 -1.820139 0.002951 2.334058 -1.067588 -0.156459 0.244839 -0.176260 -0.082899 -0.428394 -0.746826 1.577738 0.128253 -0.560812 1.080835 0.304833 -0.452107 -0.267756 -0.498523 0.010859 0.329028 2.515296 -0.352958 -0.857758 1.333572 -0.579427 -1.007529 0.400744 0.019520 -0.739827 0.808423 0.002931 -0.523175 -0.204727 
 -77.149771 -2.181431 0.293235 -1.078556 0.131975 0.549937 0.227016 0.426885 0.191318 -0.391319 -0.576368 -0.513442 0.026776 1.653970 -0.319808 -0.753714 1.004228 -0.692017 -1.001486 0.340904 0.170383 -0.758768 0.879960 -0.050599 -0.537062 -0.151729 -1.825129 0.448263 0.922324 -1.751767 -0.158439 0.381343 -1.278944 -0.286781 0.551076 0.193852 0.219725 -0.175874 -0.519012 
 -78.667545 -1.852401 1.078215 -2.458998 -0.573345 -0.126244 -1.138331 0.343717 0.816522 0.692332 -0.257656 -0.829285 -0.479718 -3.733156 0.468133 1.097822 -1.925796 -0.188626 0.201873 -1.477053 -0.268728 0.650044 0.119948 -0.059074 -0.340889 -0.708997 -0.942351 0.082317 0.143804 -0.152014 0.487153 0.585326 0.073263 -0.139197 0.122408 -0.666055 0.056070 0.441618 0.169556 
 -84.616083 -1.245165 2.488879 -4.930147 -0.245276 0.953684 -2.727090 -0.110571 1.491407 -0.151422 -0.694515 -1.195220 -1.391217 -0.230733 -0.155175 -0.466106 0.700201 0.282289 0.169166 0.487430 -0.108011 -0.513951 -0.452150 0.061542 0.346174 0.187383 3.694879 -0.363911 -0.942842 1.942778 0.174218 -0.434108 1.466029 0.173463 -0.795748 -0.101847 0.120830 0.446603 0.608473 
 -79.129011 -2.162751 0.146003 -1.058596 -0.008768 0.212088 -0.163472 0.127696 -0.211381 -0.211968 -0.134572 -0.136937 -0.104951 3.656602 -0.259689 -0.787862 1.959760 0.159810 -0.666342 1.455006 0.078197 -0.941452 -0.083745 0.182585 0.552317 0.507949 -1.253718 0.302981 0.909941 -0.803988 0.234428 0.318880 -0.494475 0.033882 0.839240 -0.044585 -0.114336 -0.271440 -0.248550 
 -77.302879 -1.764542 0.913155 -1.010627 0.074343 -0.379000 0.182923 0.045824 -0.391497 -0.318913 -0.329344 -0.090586 -0.375319 -2.738168 0.450788 1.353777 -0.907775 0.751145 0.806926 -0.501521 -0.040246 1.164528 -0.541320 -0.167130 -0.196706 -0.309716 -3.084695 -0.209691 0.142456 -1.149628 0.108649 0.910796 -0.725173 0.070803 0.854060 0.099040 0.056931 -0.536256 -0.179691 
 -84.605348 -1.261176 2.853557 -2.874147 1.493521 1.825939 -1.166513 0.047205 2.117676 -1.294608 -0.468833 -0.530350 -0.724383 -2.512788 -0.679071 -0.502950 -0.339495 0.377108 1.155249 0.004661 0.219803 0.766667 0.114334 0.296448 -0.520195 0.148566 3.121078 -0.616000 -1.337638 1.254300 -0.401189 -0.697656 0.691138 -0.035061 -0.853248 0.649128 0.394683 0.196645 0.377279 
 -82.328455 -3.122685 -0.092744 -1.689617 0.828559 1.931499 0.192244 0.485430 1.141838 -0.090244 0.263551 -1.130976 -0.078187 3.503988 -0.781211 -1.321499 1.600824 -0.051233 -0.588387 0.880755 -0.110367 -0.541967 0.756936 0.622236 0.196583 0.444841 0.852489 0.945265 1.273184 -0.189215 0.031633 -0.892729 -0.129617 -0.187168 -0.170072 -0.111196 -0.029172 0.684035 -0.228905 
 -77.597372 -2.823598 0.210560 0.327502 1.391056 0.649164 0.594996 -0.173530 1.033741 0.219265 0.775638 -0.137184 0.165299 -0.807810 1.211459 2.043418 -0.717925 0.440373 -0.630209 -0.254574 -0.154533 0.426524 -0.108058 0.238103 0.847875 -0.309244 -3.150072 0.724452 1.242026 -1.527518 -0.113649 0.215246 -0.634265 0.053216 0.183667 -0.500046 -0.429764 -0.201701 -0.217901 
 -83.944074 -0.699768 3.994091 -3.125468 1.709306 0.671081 -0.316903 0.176363 1.994886 -0.306360 0.739757 0.564774 -0.696676 -2.796155 0.667692 1.162554 -1.454212 -0.278532 -0.157895 -0.387775 -0.003935 -0.174633 -0.243156 -0.237293 -0.206818 0.009040 2.905179 -0.927073 -1.883206 1.032669 -0.633932 0.095457 0.088571 -0.091695 -0.688440 0.223749 -0.251042 -0.768205 0.168076 
 -83.189683 -1.488214 2.535668 -2.580922 0.833992 0.333374 -0.180554 -0.181400 0.684474 -0.267046 0.301052 -0.550820 0.183378 5.002548 -0.642687 -1.722993 1.347413 -0.827491 -0.439296 -0.077431 -0.337924 -0.950357 0.339441 -0.263980 -0.688535 0.026908 1.036182 -0.409449 -0.814784 0.751233 0.047370 0.225252 -0.145249 -0.079260 0.231700 0.077011 0.080532 0.002856 -0.113928 
 -73.938978 -1.985141 0.548105 -0.430643 0.054323 -0.207511 -0.471766 -0.499485 0.094171 0.372521 0.211796 -0.812297 -0.642861 -0.723791 -0.151206 -0.467013 0.048254 -0.183792 0.292610 -0.678274 -0.162454 0.288767 -0.089133 -0.076229 -0.201106 -0.218817 -3.426692 0.460246 1.070165 -1.826457 0.221371 0.628181 -0.582225 0.287630 0.817316 -0.162618 0.255123 0.600632 -0.165608 
 -84.637265 -1.790627 1.601642 -2.484414 0.466409 0.918593 -1.537102 -0.506309 1.262008 -0.445312 0.148594 -0.953033 -0.254256 -1.850835 0.277805 0.417337 -2.305501 -0.384749 0.817065 -1.241880 0.237336 0.684275 0.014204 0.246265 0.512728 -0.304308 3.575189 -0.008130 0.034578 0.261142 -0.039247 -0.466238 0.764930 0.254511 -0.385992 0.179668 0.014768 0.247700 0.086754 
 -77.640647 -1.429531 1.382779 -5.041644 -0.715175 1.426619 -2.955527 -0.024812 1.462722 0.400929 0.704327 0.213160 -1.251477 6.426587 -0.167466 -0.397857 0.570538 -0.262286 -0.639867 0.851587 0.346568 -0.483218 0.270203 -0.046693 0.294293 -0.045309 1.023089 -0.422888 -0.343153 1.599837 0.363693 -0.575432 1.162302 -0.162886 -0.385057 -0.075511 -0.031663 -0.435407 0.346780 
 -71.784091 -2.125559 0.805928 -1.343338 -0.058164 -0.361140 0.166071 0.186826 0.295572 0.095094 0.055208 -0.364446 -0.344875 0.195342 -0.567972 -0.268969 0.894173 0.342637 -0.333798 1.082725 -0.088437 -0.085839 -0.136817 0.182940 -0.358085 0.389252 -5.053573 0.317899 0.635180 -1.110388 0.253626 0.787496 -1.181830 -0.352081 0.741722 -0.398522 0.044349 -0.072372 -0.289629 
 -77.249963 -2.565474 0.844840 -3.253298 -0.029901 0.759023 -0.790078 -0.201686 1.291044 0.127295 1.070206 -0.503009 -0.472973 -3.680558 0.468331 0.872504 -1.650238 0.244966 0.935125 -1.512074 -0.357594 1.000225 -0.526841 0.042005 0.149549 -0.624568 1.269026 0.371666 0.098781 0.040958 -0.165678 -0.016232 -0.090325 0.259612 -0.299730 -0.027873 -0.315041 0.247048 -0.037443 
 -79.145208 -1.188897 2.550936 -4.643815 0.431769 1.509111 -2.858077 -0.528361 2.296023 -0.958587 0.139219 -0.065347 -1.594011 2.733395 0.175360 -0.071408 0.976089 0.011280 -0.366262 0.902075 0.430787 -0.685299 -0.192563 -0.447143 0.136011 0.314367 2.686177 -0.380830 -0.672469 1.715670 -0.114224 -0.820262 1.827535 0.488301 -1.031329 0.469454 0.065104 -0.049407 0.786323 
 -71.783172 -2.214754 0.702024 -1.301119 -0.007341 0.026499 1.014072 0.659889 -0.079553 -0.257830 0.175920 -0.230988 0.155761 1.691796 -0.293329 -0.472434 1.781101 0.016518 -0.705399 2.142996 0.619008 -1.062432 0.412068 0.172213 0.050735 0.948078 -2.710533 0.068618 0.263665 -1.345104 -0.096771 0.505936 -1.593114 -0.377123 1.012175 0.330415 0.410176 0.289422 -0.524992 
 -75.761617 -1.775554 1.606067 -1.081613 0.464804 0.098312 1.427916 0.709654 0.171158 -0.134452 0.483644 0.036123 0.302146 -2.687671 0.312596 0.455922 -1.714118 -0.182262 0.645609 -2.284154 -0.323459 1.339051 0.468268 0.373209 0.714854 -0.735617 -1.622653 0.253303 0.273026 -1.509152 -0.121298 0.356603 -2.164438 -0.692044 1.031408 -0.321519 -0.199811 0.169556 -0.790009 
 -77.158513 -1.589562 1.613867 -4.729354 -0.371864 1.317716 -3.554237 0.012970 2.598548 0.678706 0.922337 1.198720 -1.315473 -1.553510 0.213277 0.073618 -1.237202 -0.226078 0.007806 -2.185880 -0.765081 1.000384 -0.230970 -0.227410 0.389847 -0.631939 0.512832 0.026338 0.159568 1.277574 0.321631 -0.548233 1.552419 -0.023386 -1.008724 -0.663208 -0.553295 -0.712912 0.442514 
 -78.868636 -1.349000 1.753303 -3.556018 0.012648 0.113925 -2.943844 -0.820507 2.171926 -0.596393 0.028824 0.815818 -0.961732 -1.662007 0.365273 0.775058 0.841029 0.461000 -0.450858 0.820684 -0.370231 -0.678397 -0.858147 -0.733382 -0.710970 0.149411 -0.556270 0.029692 0.212990 0.521270 0.261177 0.424742 1.439093 0.584769 -0.746473 0.070143 0.162071 -0.540225 0.248875 
 -80.482528 -0.859016 3.163982 -3.047296 0.550135 0.416001 -1.912869 -0.727492 1.241753 -1.037589 -0.544427 -0.223220 -1.016651 -2.666051 0.272661 0.499598 -0.194662 0.296275 0.857291 0.692306 0.404458 -0.492563 -0.090685 0.096732 -0.690603 -0.134190 1.439992 -0.504302 -0.991041 -0.540301 -0.244440 0.636711 -0.346303 0.184481 0.257468 0.578431 0.728115 0.238101 0.085638 
 -84.200738 -0.803678 2.752499 -3.945341 0.605198 1.828507 -1.559233 -0.011591 1.186800 -0.777763 0.222287 -0.565388 -1.230112 1.217976 -0.643331 -1.207025 -0.239573 -0.027881 0.822563 0.128078 -0.001270 -0.163461 0.298714 0.722849 -0.234769 0.320687 2.384667 -0.528039 -0.851903 1.028283 -0.019611 -0.594145 0.198044 -0.166674 -0.006678 0.006896 -0.173798 0.296923 0.384417 
 -78.046576 -2.145678 0.749933 -3.526441 0.494374 2.061127 -1.656713 -0.730031 0.914832 -0.440161 0.901270 -0.692757 -0.375277 2.103283 -0.783416 -1.204208 1.861904 0.257054 -0.331000 1.088394 0.071110 -0.505919 -0.076893 -0.250864 -0.096757 0.634644 -2.963246 0.553356 0.789312 -0.052989 -0.208334 -0.469892 -0.111227 0.358925 0.076917 -0.156150 -0.722129 0.312110 -0.078655 
 -79.994172 -2.370511 0.344083 -0.221533 1.119305 1.166507 0.617555 0.130628 0.174961 -0.931549 -0.279441 -0.758902 0.039176 -4.708516 0.463380 0.371600 -0.345552 -0.444548 -0.117220 -0.094376 0.716580 -0.009627 -0.013586 -0.721409 0.389452 0.163377 -2.535392 0.655425 0.944447 -1.768422 -0.335570 0.338203 -1.079661 -0.161061 0.241452 0.005663 0.163827 0.013991 -0.502981 
 -87.463608 -1.218918 1.493132 -4.217545 -0.394721 1.826687 -1.845465 0.703129 0.895578 -0.467334 -0.541548 0.086146 -0.048523 -2.967500 0.527433 0.684686 -1.674939 -0.414086 0.345405 -1.070928 -0.251013 -0.023015 -0.065566 0.076791 -0.068775 -0.371318 2.737867 -0.255872 -0.130719 0.334309 0.393737 0.066268 0.127479 -0.626921 -0.186848 -0.142043 0.464627 -0.440375 -0.245423 
 -85.929172 -1.315646 1.713456 -3.571411 0.291133 1.857318 -1.524301 -0.371397 0.128930 -1.062680 -0.125859 -0.896451 -0.703461 0.767218 -0.048364 0.110162 0.323067 0.342927 0.015315 0.160582 -0.537263 -0.383324 -0.297673 0.207845 -0.491299 -0.327469 1.867359 -0.287898 -0.287262 0.999003 0.378507 -0.165045 0.615755 -0.143125 -0.180154 -0.116054 0.065527 -0.211262 0.021925 
 