-75.670721 0.462914 6.084412 -6.090673 0.728189 0.945397 -1.585824 0.259321 1.689127 -0.729471 0.305158 0.710520 -0.396313 -2.510870 -0.296408 -0.550401 0.787420 -0.010244 -0.408392 0.574709 0.141226 -0.262060 0.159485 -0.229453 -0.406878 -0.172019 0.346503 -0.545866 -1.072428 0.872679 -0.041148 -0.031635 0.172173 -0.213624 -0.192076 -0.116807 0.017040 0.046973 0.306864 
 -80.692462 -0.129903 4.983610 -4.515833 0.707702 0.128612 -0.436405 0.541773 1.165006 -0.410502 -0.153749 -0.103236 -0.740351 -1.817864 -1.388140 -2.695256 2.532777 -0.092540 -0.471662 0.919055 -0.286023 -0.646212 -0.074129 -0.195373 -0.312932 0.441710 3.351610 -0.043693 0.136354 -0.058445 0.488530 0.464754 -0.789185 -0.766214 0.625413 -0.356259 0.319102 0.229793 0.292193 
 -79.306449 -2.313365 0.693900 -1.025118 0.543110 0.002073 0.252286 -0.312724 0.396704 -0.877729 -0.085588 0.084657 0.487107 4.192350 -0.383795 -0.277694 0.670529 0.966816 0.521115 -1.003661 -1.391202 0.988765 -0.553034 0.408751 0.052708 0.412368 3.874424 1.026580 2.369150 -2.097446 0.348628 0.305632 -0.956597 -0.107345 0.864437 -0.088037 0.300034 0.239618 -0.245123 
 -72.307762 -0.897492 4.428222 -3.174774 2.641334 1.170843 -2.443726 -2.240630 3.142536 -1.516570 0.663754 0.002180 0.084386 5.930984 0.665020 2.043043 -1.662115 0.604716 0.139602 -0.994138 -0.500712 1.082662 -0.250203 0.404694 0.166304 -0.048537 0.204631 0.018609 -0.523882 0.303572 -0.984692 -0.741587 1.211182 1.223362 -1.148546 0.630749 -0.349688 0.008254 -0.195159 
 -67.444480 -0.983325 4.779985 -4.349349 1.752541 0.281277 -1.735991 -1.314149 2.562029 -1.378135 0.723800 0.417264 0.390034 4.601612 -0.346577 -1.325458 1.277673 -1.002568 -0.962059 1.418703 1.055521 -1.308326 0.708464 -0.290624 0.069217 0.022050 -4.915771 -0.503034 -1.824336 1.807171 -0.533517 -0.221564 0.999658 0.498516 -1.081775 0.483139 -0.278655 -0.161769 -0.034920 
 -63.104537 -1.590647 1.777306 -0.619428 0.636198 -0.753276 0.393679 -0.129587 0.525884 -0.099642 0.082505 0.140613 0.128486 -3.900558 -0.341048 -1.605630 1.952227 -0.462319 -0.303526 1.005178 0.496319 -1.080887 0.716075 -0.152616 -0.157235 -0.118377 -8.236052 0.084943 0.584162 -1.478761 0.554821 1.500779 -1.263975 -0.583083 0.922151 -0.577977 0.182688 -0.125571 -0.007968 
 -75.245596 -1.665422 1.568726 -0.444895 0.827904 -0.325776 0.274366 -0.321510 0.400254 0.054015 0.418568 0.102795 0.153280 -11.870492 -0.176690 -0.157133 -1.679849 0.107074 2.039499 -1.109248 -0.110644 0.535977 -0.447490 0.074751 -0.181925 0.006114 -0.171243 0.011133 0.542928 -1.577095 0.005574 0.586996 -0.985648 -0.291159 0.539405 -0.338322 0.152439 0.025065 0.000485 
 -86.845520 -1.944027 1.463039 -3.979126 0.850346 3.325721 -1.824817 -0.350875 1.597837 -0.994621 0.232007 -0.223237 0.140714 -4.243044 -0.318782 -0.519773 -1.201963 -0.451170 0.870466 -0.966119 -0.085998 -0.002077 0.039432 0.152263 -0.107104 -0.117407 6.277551 0.212907 0.013022 1.296965 -0.173342 -1.495015 0.509977 0.046206 -0.405921 0.360784 -0.087948 0.261440 -0.033563 
 -83.731684 -2.302985 0.529179 -2.848821 -0.074436 1.415156 -1.657871 -0.493505 0.396099 0.132880 0.723093 -0.111414 -0.081534 0.684611 0.249123 -0.131089 0.914081 -0.239611 -0.950531 -0.089294 -0.018231 -0.275865 0.274078 -0.101144 0.340954 -0.061011 1.301492 0.362573 0.535888 0.469936 0.451286 -0.133919 0.334083 0.298559 0.594420 -0.398215 -0.441344 0.361837 -0.191858 
 -85.476297 -1.445781 1.200861 -2.150963 0.371125 1.424659 -2.003405 -0.387338 1.046106 -0.446465 0.029718 0.458671 0.018691 -1.640059 0.406365 0.552002 -0.262091 0.451403 0.602629 -0.297952 0.511121 1.186764 -0.756998 -0.730425 0.616570 -0.501124 -0.344981 -0.062861 0.172672 -0.543865 0.279388 0.630020 0.078382 0.173228 0.387469 -0.317918 -0.092993 -0.238485 -0.246877 
 -87.011802 -1.490255 1.633183 -3.373004 0.828369 2.620414 -2.253775 0.528736 2.769627 -1.381117 -0.737758 1.121726 -1.083782 -0.005351 0.123400 0.214255 -0.173648 0.319165 0.309508 0.067469 0.328224 0.499074 -0.361759 -0.287131 -0.136017 -0.554765 0.997615 -0.143368 -0.176533 0.331226 -0.168470 -0.598822 0.003826 -0.529807 -0.894985 0.430183 0.426943 -0.365475 0.349997 
 -85.486999 -1.198981 1.629370 -2.498260 1.009456 2.043675 -1.868466 0.269111 2.044253 -1.169983 -0.544544 0.186638 -1.090839 0.355172 0.119628 0.198936 0.400361 0.114463 -0.595015 -0.290299 -0.548492 -0.603207 0.103368 0.123461 -0.114379 0.198870 -0.445916 0.033584 -0.000121 -0.129832 -0.315162 -0.038038 -0.096418 -0.188394 -0.279529 0.258044 0.122028 0.215887 0.442176 
 -86.301459 -1.250998 2.031054 -2.572282 1.057296 1.430384 -2.834374 -0.568248 1.563213 -1.174382 -0.490836 0.892967 -0.686041 -0.897183 0.190568 0.214013 -0.433311 -0.311158 0.233433 -0.125367 -0.048563 -0.059985 0.154329 -0.043076 0.295758 0.329586 0.168113 -0.254867 -0.448915 0.080859 -0.207655 0.242748 0.537358 0.274717 0.015310 0.173545 0.030391 -0.395029 0.030401 
 -87.281366 -0.817844 2.057396 -3.364882 0.387140 2.510540 -2.119200 0.171986 1.924283 -0.861326 -0.630695 0.778154 -0.431667 0.691398 -0.390105 -0.698895 0.562079 -0.300846 -0.109518 0.784416 0.000942 -0.572588 0.450458 0.184242 -0.904437 0.259673 2.425307 -0.316445 -0.415707 1.050476 0.104435 -0.885933 0.409668 -0.081750 -0.257870 0.181600 0.085867 -0.355377 -0.197136 
 -84.918664 -2.031208 0.633265 -1.448124 0.455604 1.211347 -1.265542 -0.566364 0.418038 -0.273465 -0.122352 -0.915906 -0.166696 3.953431 -0.442322 -0.617402 1.667642 -0.102288 -1.538434 0.693969 -0.212063 -0.575725 0.517528 0.128657 -0.414996 -0.064686 -0.656130 0.139924 0.411867 -0.467062 0.082876 0.116129 -0.264584 0.319400 0.502018 -0.424233 -0.081761 0.960982 -0.225905 
 -79.374504 -1.702488 0.822593 -0.029599 0.182563 -0.566328 -0.731262 -0.252141 0.772834 0.173730 -0.373380 -0.051839 -0.561039 -0.620863 -0.110258 0.124840 -0.372045 -0.135094 0.122739 0.255249 0.639742 0.431448 -0.398008 0.020720 1.017527 -0.192137 -4.098510 0.360887 0.621873 -1.512071 0.085600 1.189434 -0.448458 0.189918 0.386678 -0.568850 -0.133989 0.385476 -0.050327 
 -86.160390 -2.251723 0.882946 -2.192214 0.185417 1.456824 -0.755044 0.713121 1.280935 -1.069481 -0.080912 1.119147 -0.550969 -4.243588 0.279451 0.626345 -1.356500 0.068912 0.840434 -0.202947 0.167773 0.197630 -0.620172 -0.139321 0.355956 -0.165340 1.092567 0.169939 -0.119969 0.308743 -0.123881 -0.220331 -0.000594 -0.339550 -0.669404 0.430327 -0.086895 -0.808048 0.137680 
 -87.861681 -1.143585 2.075283 -2.742599 0.320388 1.114540 -1.137155 0.083404 1.168094 -1.066614 -0.652023 0.660074 -0.891720 1.564271 0.229621 -0.115098 0.245442 -0.382856 -0.317923 0.254062 -0.039358 -0.907360 0.462646 -0.153070 -0.598569 0.083223 3.097512 -0.498636 -0.825939 0.825076 0.026901 -0.120768 -0.399436 -0.234614 0.249507 0.477788 0.429353 0.017055 0.006223 
 -83.031848 -1.792482 0.652750 -1.701330 -0.580295 0.820977 -0.246920 0.634404 -0.533785 -0.144188 -0.387052 -0.077991 -0.384522 1.951436 -0.717821 -1.025533 0.293651 0.122714 0.598899 -1.001819 -0.301455 0.696643 0.335404 0.719384 0.390067 -0.152893 -1.405428 -0.124401 0.197491 -0.249197 0.624410 0.478554 -0.386201 -0.277565 0.768677 -0.449947 0.168096 0.297503 -0.164496 
 -83.958808 -2.579227 0.024217 -2.155296 0.565816 2.312337 -3.140794 -0.519506 2.561380 -0.395805 0.786745 1.440207 -1.197507 -1.246585 -0.019181 0.279885 -0.252952 0.865964 0.639185 -0.518339 -0.594489 0.629995 -0.437247 0.183121 -0.003562 -0.245769 1.605007 0.438827 0.465903 0.338782 -0.184225 -0.790978 1.291214 0.299655 -0.970672 -0.056512 -0.536899 -0.600988 0.419364 
 -85.525018 -1.830844 1.212519 -2.207234 1.151634 2.099348 -1.283599 -0.554574 0.726205 -1.018683 -0.020810 -0.085115 -0.876059 5.161450 0.159834 -0.093727 0.971216 -0.245736 -0.983058 1.580610 0.297854 -1.244701 0.222380 -0.354413 -0.811909 0.685834 1.636554 0.060717 -0.204218 0.278787 -0.703512 -0.698439 0.451672 0.495876 -0.411299 0.528534 0.026554 -0.016664 0.430788 
 -73.635909 -2.259560 -0.163236 -0.212864 0.074343 0.346220 0.020425 0.076203 0.071978 0.048956 0.077918 -0.183610 0.174161 2.026522 0.102252 -0.128552 0.304622 -0.541059 -0.757693 0.385005 0.397264 -0.192603 0.619820 0.236228 -0.036891 0.615808 -4.657426 0.467206 1.127923 -1.141575 0.591555 0.997716 -1.260639 -0.344906 0.787386 -0.606210 0.144649 0.995009 -0.270069 
 -81.471973 -1.626339 0.955416 -1.597990 0.069517 0.583962 -0.513589 0.239954 0.340999 0.220956 0.451646 -0.158897 0.355557 -4.153402 1.094247 2.162119 -1.311933 0.937374 1.012373 -0.940669 -0.391958 0.330071 -0.990041 -0.065116 1.178109 0.145696 1.196669 0.411404 1.003805 -0.400114 0.283906 0.078561 -0.118119 -0.093889 -0.082700 -0.348631 -0.270566 0.372910 -0.205622 
 -81.942713 -0.071067 4.161003 -2.836730 1.949091 2.370966 -1.860912 -0.707713 0.732120 -1.931125 -0.052314 2.172607 0.465553 4.419861 0.925060 1.879058 -0.495606 0.026754 -0.600572 0.148767 0.209487 -0.358004 -0.077442 -0.304904 0.708929 0.204563 5.903883 -0.060845 -0.156722 0.056179 -0.719414 -0.906800 0.949767 0.676162 -0.421976 1.196318 0.352268 -0.562271 -0.003622 
 -72.632252 0.223781 4.713532 -2.589201 0.123025 -0.617182 -0.216056 0.658927 -0.375008 0.066072 -0.158162 1.258961 0.764683 7.654365 0.972557 1.848675 -1.199576 -0.501454 -0.801228 0.958866 0.960367 -0.513881 1.402596 0.639421 0.053566 0.138452 -0.757316 0.223397 0.229257 -0.766218 0.414892 0.973131 -0.046949 0.028788 0.404078 -0.009302 0.455106 -0.157787 -0.228271 
 -66.633984 1.874048 7.858353 -5.235882 0.946184 0.768510 0.056819 1.213021 -0.295642 0.874066 1.226527 2.279740 0.742458 2.905228 1.371854 2.337571 -2.028041 0.856538 1.345689 0.054870 0.267063 0.450153 -0.096046 0.605308 0.393355 -0.251978 -3.123222 -0.716095 -1.139553 1.341636 0.531716 0.065679 -0.228296 -0.692895 0.421056 -0.703408 -0.365080 -0.140016 -0.100926 
 -66.821796 2.967488 9.388674 -6.645283 1.836100 2.074196 -0.106316 1.193054 0.525299 -0.126019 1.052455 2.045672 0.260727 1.407920 -0.459633 -0.430431 1.483697 0.561978 -0.669870 0.502275 -0.425422 0.328231 -0.004220 -0.090740 -0.226467 -0.063400 -0.585858 -1.359064 -2.384259 2.306090 -0.475116 -1.116868 -0.016090 -0.425598 -0.158997 0.117459 -0.540791 -0.579775 -0.046672 
 -63.818144 0.954781 6.997492 -2.268488 2.070139 -0.571230 1.061368 0.362176 0.360819 0.865625 1.045047 1.826806 0.615658 1.733512 -1.346275 -2.430947 2.584139 -0.093694 -0.888047 0.022689 -0.584133 0.132159 0.138872 -0.476274 -0.766195 -0.345322 -1.123811 0.204593 -0.094025 -1.424675 -0.399780 1.059736 -0.884183 0.406202 0.512244 -0.254470 -0.150368 0.146434 -0.335685 
 -63.354772 0.274939 4.526780 -1.477006 1.648712 0.298102 -0.060938 0.024788 0.789618 0.151724 0.099908 0.513282 -0.429918 -0.839703 -0.050448 -0.618480 -1.365654 -0.237583 1.449601 -1.266091 0.386982 1.352718 -0.513161 -0.391476 0.066401 -0.734771 -1.880936 0.868585 1.589511 -1.648037 -0.019643 0.407471 0.052718 0.442252 -0.092993 0.012606 0.260323 0.502383 0.260945 
 -65.497549 0.853885 5.760532 -4.999797 1.594973 2.327973 -1.470814 1.136141 3.066255 -0.160696 0.262094 1.959608 -0.853883 -2.028361 0.390895 0.748074 -0.711936 -0.132980 -0.073105 0.128125 0.300372 -0.053827 0.164083 0.044373 0.238571 0.176568 0.261622 -0.223895 -0.050274 1.950193 0.214148 -1.477446 1.184336 -0.458424 -1.131121 0.403814 0.135640 -0.492404 0.492277 
 -67.411493 1.056729 6.022929 -2.900878 1.382752 0.151892 0.195312 0.625532 0.681964 0.479891 0.188653 0.990425 -0.076782 -0.316459 -0.498238 -0.719027 2.534732 0.190713 -1.505291 1.102581 -0.529866 -0.909523 0.294467 -0.120197 -0.918406 0.249783 -1.398217 -0.090056 -0.107089 0.295664 0.287207 0.212128 -0.148649 -0.231831 0.198105 -0.240506 -0.042800 -0.196498 -0.175317 
 -66.130467 -0.142591 4.322478 0.069668 1.976399 -0.682610 0.734347 0.076408 1.247209 0.428239 0.021700 0.122795 -0.354318 -4.824795 0.210783 0.533897 -0.120608 0.441433 0.351151 -0.169172 -0.163290 0.342383 -0.316929 -0.041227 -0.154425 -0.174066 -2.073155 0.449313 0.568038 -1.872669 -0.246399 0.998407 -0.729706 0.429816 0.371508 -0.604678 -0.269791 0.753418 -0.124544 
 -77.061083 1.478294 7.090722 -3.142093 2.265618 0.854193 -0.143032 0.298951 1.366729 -0.153966 0.106198 0.681575 -0.424914 -4.462770 0.400389 0.417049 -1.210606 -0.302085 0.491523 -0.356832 0.329766 -0.166508 -0.914889 -0.659779 0.588429 0.000695 5.960033 -0.646142 -1.597486 -0.069422 -0.772610 0.300325 -0.208227 0.115564 -0.706633 -0.178463 -0.272569 -0.026146 0.219677 
 -75.056006 0.658187 5.156576 -2.351543 1.372229 0.300435 0.020683 0.735939 0.914194 -1.401539 -1.297859 1.299652 -0.352928 7.095271 -1.081500 -2.661075 -0.259453 -1.103787 0.951800 -0.585627 0.067838 -1.070883 -0.673855 -0.586365 -0.206717 0.265288 6.483139 -0.529549 -1.137179 0.368427 -0.361720 0.279592 0.083859 -0.017759 -0.525604 0.491818 0.479447 -0.370415 0.071563 
 -62.870541 -0.684707 1.768572 -3.660998 0.058044 2.757793 -1.314286 0.434628 -0.775037 -1.501677 -1.066533 0.268141 0.105661 8.503508 -0.658710 -1.857309 -0.473752 -1.025525 1.050707 -0.189113 0.294249 -1.217715 0.068748 0.299115 -0.152401 0.143820 -1.607187 0.657888 1.528637 0.218614 0.549100 -0.706037 0.390479 -0.056838 0.491898 0.541809 0.437285 -0.033936 -0.289292 
 -58.048990 -0.659233 1.441958 -3.299047 -0.678821 2.401848 -0.357543 1.324436 -1.521237 -1.264044 -0.699629 0.994851 -0.065288 3.880898 0.234275 0.396199 0.177774 -0.005588 -0.460275 0.195331 -0.045837 -0.087086 0.409763 0.288205 -0.274588 -0.313296 1.545347 0.879621 2.314907 0.435270 1.205055 -1.135345 0.308143 -0.525855 0.989521 0.253489 -0.007949 -0.217588 -0.101419 
 -55.108745 -0.216157 2.560970 -3.305450 0.046869 1.837243 -0.923625 0.342955 -0.949209 -0.682151 -0.490123 -0.281035 -0.520931 11.594203 1.100532 2.772505 0.396788 1.384585 -1.219983 0.427173 -0.757461 0.761326 0.575726 0.283218 -0.587577 -0.059018 3.836011 0.699875 1.665273 -0.360648 0.720328 0.027350 0.300865 -0.158545 0.078875 -0.204235 0.005088 0.244500 0.385648 
 -34.860584 1.541832 6.986969 -2.505471 2.090349 -0.038117 0.496803 -0.190486 0.001416 -0.112592 -0.133192 -0.180304 -0.183323 11.552920 1.634024 3.726745 -0.543522 1.435069 -0.405575 0.797062 -0.362926 0.070664 0.001293 0.298381 0.214412 0.457999 -5.052345 -0.194745 -0.658565 -0.630235 -0.473586 0.921059 -0.055632 0.325821 -0.632725 -0.381717 -0.000597 0.297936 0.118639 
 -32.002906 3.051891 10.014461 -4.392493 2.917006 1.026094 0.670498 -0.382898 -0.807882 -0.679565 0.106640 0.147789 0.395068 1.489514 0.711043 1.455376 -0.863683 0.437414 0.622135 0.315909 -0.105819 -0.504124 -0.187708 0.282024 0.008295 0.178261 -4.941031 -1.036795 -2.324662 0.557249 -0.836615 0.162258 -0.330522 0.186797 -0.011456 0.188731 -0.030054 -0.292299 -0.391808 
 -31.881557 2.963917 9.897722 -4.232836 2.965178 1.206153 1.128622 -0.402124 -1.006831 -0.488009 0.430856 -0.163713 0.173198 1.670859 -0.439566 -0.922579 0.570976 -0.238161 -0.081059 0.136018 0.010669 0.047752 0.378755 0.238274 -0.370185 -0.325617 0.449944 -0.610419 -1.259367 0.411565 -0.560419 -0.407546 -0.296372 0.253579 0.451152 0.428025 -0.072214 -0.018632 -0.230573 
 -28.661188 2.172759 8.169302 -3.250541 2.440684 0.863976 0.942535 -0.361560 -0.712378 0.077945 0.583189 -0.592581 -0.256167 2.389401 -0.509796 -1.063357 -0.040554 -0.683425 -0.192957 -0.276834 0.401339 0.398180 0.668342 0.137596 -0.028969 -0.282886 -0.377069 0.116424 0.286869 -0.826237 -0.211271 0.172566 -0.193425 0.327856 0.176821 0.026416 -0.030238 0.293519 0.102383 
 -27.102754 1.944325 7.771008 -4.313944 1.598329 0.820238 0.574953 0.400554 -0.210471 0.848675 0.706048 -0.221651 -0.392574 0.916721 -0.206718 -0.348841 -1.081498 -0.660704 0.264073 -0.250832 0.666380 0.401394 0.431587 0.177798 0.216852 -0.120850 -0.822952 -0.266169 -0.266739 0.250122 0.221587 0.173389 0.187529 -0.006679 0.003370 -0.392977 -0.177965 -0.022745 0.085669 
 -26.827746 1.759323 7.471621 -5.413538 1.119277 1.392121 0.440870 0.971201 0.090409 0.941120 0.938785 -0.158876 -0.497868 0.743498 -1.042134 -1.596835 0.459691 -0.240250 0.153820 0.098225 0.387981 0.404920 -0.117613 -0.218334 -0.074458 -0.111548 -0.548695 -0.656478 -1.148858 1.159572 0.237484 0.053267 0.321060 -0.103632 -0.060115 -0.531893 -0.483660 -0.184833 0.309551 
 -25.615758 -0.139943 4.577339 -3.394561 1.117828 1.127879 0.771402 1.176516 0.599369 0.613448 0.269381 -0.370568 -0.615670 -0.180668 -1.519674 -2.646556 1.237646 -0.185736 0.370606 0.391288 0.459116 0.281163 -0.632198 -0.789521 -0.152813 0.498252 -3.686017 0.196272 0.392123 -0.867510 -0.068981 0.643896 -0.217559 0.155234 0.166079 -0.410316 -0.165344 0.081360 0.640251 
 -27.189082 -1.280024 2.178509 -2.938245 0.747804 2.133333 1.223445 1.889434 0.652735 -0.323275 -0.640258 -0.464502 0.498636 -6.628536 -0.649590 -0.812589 -1.275329 -0.378212 1.441612 -0.336894 0.698450 0.737078 -0.938245 -0.549022 0.088261 1.168955 -3.632090 0.682655 1.217387 -1.411648 -0.079739 0.372369 -0.557638 -0.156437 -0.023603 0.143184 0.525603 0.128986 -0.014986 
 -38.872830 -1.439122 2.952162 -5.945219 0.361403 4.011104 0.097614 2.573416 2.073525 -1.263041 -0.828664 -0.194046 1.722240 -7.444849 -0.154363 -0.211782 -1.585650 -0.345214 1.115344 -0.723988 0.146242 0.233958 -0.345831 0.261685 0.105159 0.468280 1.115242 0.223499 0.006239 1.066684 0.173606 -0.801378 0.179913 -0.547019 -0.743368 0.412144 0.367921 -0.017289 -0.663779 
 -42.078779 -1.588750 1.754945 -6.109545 0.057377 4.364021 -0.224530 2.181918 1.120650 -1.014936 -0.116887 -0.254185 1.435195 -4.398052 -0.202591 -0.800110 0.858039 -0.030999 -0.161144 0.022932 -0.395588 -0.749658 -0.113956 0.186820 0.053683 -0.158603 -0.034510 0.111439 0.216059 1.276670 0.470279 -0.929517 -0.032571 -0.579459 0.425556 0.299152 0.149407 0.387045 -0.577869 
 -47.668933 -1.844304 1.351941 -4.229141 0.299404 3.688815 0.143477 1.782239 0.574209 -1.490952 -0.455024 -0.086681 1.405033 -7.513869 0.068515 0.220336 0.967690 0.595343 -0.743689 -0.789129 -1.012676 1.085069 0.252473 0.560500 0.879249 -0.687457 -1.047919 0.324893 0.588774 -0.350322 0.133270 -0.181369 -0.788976 -0.269054 0.947747 0.167074 0.030205 0.279368 -0.440409 
 -57.106517 -1.451721 2.195617 -4.174164 1.248063 2.876643 -1.802788 0.156565 3.290789 -0.509990 1.004113 1.504313 0.060281 -6.493890 0.447195 0.377437 0.157395 0.235540 -0.523882 -1.555021 -0.933697 1.145836 0.220193 0.247229 0.612418 -1.039422 1.782703 0.003778 -0.284546 -0.571608 -0.644574 0.192627 0.070268 0.551141 -0.730309 -0.490052 -0.732140 -0.413200 0.206461 
 -60.656713 -0.949914 2.106815 -3.914351 0.770485 2.641051 -2.966564 -0.085155 2.865881 -1.050566 0.039435 1.138155 -0.673810 -3.948463 0.076070 -0.348756 -0.175527 -0.693804 -0.358436 -0.648594 0.089606 -0.375549 -0.727630 -0.903780 0.052848 -0.274535 -0.021479 -0.060005 0.363296 -0.539929 -0.066603 0.232885 1.265203 0.804187 -0.579963 0.286615 0.050568 -0.465029 0.695534 
 -65.003442 -1.299580 1.498104 -4.525218 -0.139545 2.159771 -3.099975 0.335777 2.539692 -1.965251 -0.803448 1.610009 -0.488788 -6.536847 0.327185 1.104029 -0.922462 0.102334 -0.058112 0.975385 0.674677 -0.014089 0.793423 0.348365 -0.317639 0.351646 -1.188464 0.490707 1.127260 -0.020381 0.775701 0.285851 0.792076 0.112462 0.226124 0.791677 0.612969 -0.239843 0.252295 
 -73.730407 -0.295544 4.314874 -5.759275 0.975152 2.524827 -1.015793 1.264199 2.837702 0.536279 0.736165 0.502876 0.029482 -6.325390 1.057485 1.905764 -0.216288 0.857598 0.213267 0.935558 0.314530 0.076698 0.855723 0.322157 -0.426838 0.230055 2.227895 -0.218933 -0.909244 1.099066 -0.148281 -0.248014 -0.456348 -0.477890 -0.307668 -0.419160 -0.237763 0.148274 -0.119185 
 -77.654221 0.815390 5.309632 -4.957793 1.575652 2.586306 -1.228859 0.964836 2.693089 -0.253804 -0.159133 0.756332 -0.028678 -2.081057 -0.110680 -0.714459 1.275671 -0.194229 -0.554139 0.062689 -0.281103 -0.629426 -0.044897 -0.127162 -0.021090 0.113276 1.807193 -0.895914 -1.319194 0.489088 -0.349343 -0.163951 -0.262754 -0.302338 -0.232570 -0.378121 -0.031582 -0.100472 -0.172463 
 -77.892522 -0.516903 2.885957 -3.207934 0.586695 1.416549 -0.890415 0.701992 1.578850 0.446486 0.481841 0.460695 0.256035 -2.711003 -0.734342 -0.732623 0.761889 0.158913 -0.114636 0.410050 -0.290146 -0.388442 0.099481 0.258994 -0.627782 -0.114870 -0.882944 0.187776 0.622962 -0.730515 0.198557 0.238743 -0.109602 0.033437 0.254947 -0.370691 -0.254426 0.036853 -0.281902 
 -83.076227 -0.653295 3.844385 -3.434015 1.893478 2.357034 -0.408759 0.384544 1.916204 -0.054842 0.358854 -0.499232 -0.258419 -3.846945 0.264873 0.531465 -0.185359 0.202886 -0.076654 -0.156514 -0.214228 -0.119531 -0.786279 -0.636014 0.052615 -0.450528 1.621499 0.164146 -0.197825 0.032036 -0.392266 -0.375809 -0.022944 0.186854 -0.047783 0.018973 -0.200393 0.368217 0.132120 
 -85.586413 0.012843 3.948887 -3.578652 0.992467 1.263241 -1.203442 0.273535 1.339788 -1.126072 -0.790188 0.565926 -0.645022 0.531995 -0.406051 -1.128274 0.825962 -0.625619 -0.866255 0.364162 0.083561 -0.484009 0.137427 -0.141792 0.108653 0.149370 2.138455 -0.585083 -0.986332 0.392925 -0.184375 0.117928 0.250557 0.068778 -0.081780 0.823637 0.741076 -0.239947 0.430918 
 -82.012238 -1.465398 1.587837 -1.782091 0.642240 0.624525 0.319564 0.551667 0.948185 0.220012 0.075271 -0.281925 0.040321 0.429964 -0.905293 -1.441199 0.600490 -0.165864 0.159203 0.344601 -0.076673 -0.283091 0.860994 0.846138 -0.427278 0.411309 -1.010795 0.320657 0.843340 -0.458062 0.551745 0.654061 -0.637803 -0.334168 0.282502 -0.577098 -0.120998 0.150255 -0.207841 
 -84.726486 -1.797743 1.066490 -2.377671 0.660738 1.581647 -0.514241 0.120189 0.773606 0.595917 0.902088 -0.288630 0.177596 -1.489596 0.235263 0.558406 -0.090163 0.477870 0.441867 -0.911444 -0.584776 0.080995 -1.016769 -0.383788 0.409163 -0.266311 0.458801 0.410834 0.789376 -0.030275 -0.071442 -0.635036 -0.214911 -0.217649 -0.119114 -0.728582 -0.713086 0.205915 -0.362523 
 -84.991431 -0.994871 2.704650 -1.962417 1.597981 1.508258 -1.503325 -0.617884 1.110175 -1.813526 -0.692304 0.536400 -0.492301 1.347565 -0.083624 0.137552 0.539940 -0.308748 -1.110869 -0.085222 -0.511970 -0.521319 -0.596170 -0.580035 -0.015449 -0.313738 1.703927 -0.450995 -0.829367 0.267927 -0.530945 -0.506195 0.712903 0.259574 -0.475735 0.773377 0.362564 -0.443977 0.148939 
 -82.031355 -1.964991 1.341595 -1.297792 0.043242 -0.640092 -0.684684 -0.903751 -0.269032 -0.596424 -0.257982 -0.319528 -0.449879 1.918257 -0.666726 -1.100328 0.445690 -0.584020 -0.570524 0.514361 -0.065628 -0.870474 0.529986 0.341340 -0.478790 0.031566 -1.614607 0.289946 0.139316 -0.905137 0.302916 1.198837 -0.429258 0.400514 0.872351 0.216849 0.489700 0.422254 0.080734 
 -81.154917 -2.328323 0.503995 -1.071036 0.429941 0.367211 -0.474603 -0.749139 -0.630774 -0.753554 -0.009625 -0.421181 -0.429169 -1.881648 0.496267 0.416185 -1.270334 0.297084 1.286805 -0.943737 0.289058 1.223383 -0.162472 0.399366 0.829060 -0.152270 -1.062787 0.416034 0.582478 -0.181020 0.249600 0.278529 -0.277456 0.143878 0.671376 -0.133377 -0.092234 0.433842 0.089108 
 -85.794652 -0.972457 2.173964 -3.838460 0.637409 1.933519 -2.572157 -0.325634 2.177735 -0.921368 0.540750 1.338592 -0.754420 -0.207317 0.165342 0.064628 0.083651 -0.084819 -0.013466 -0.040550 0.222129 0.472278 0.263231 0.156872 0.388894 0.209782 3.464270 -0.577922 -0.781906 1.633679 -0.174753 -1.041201 1.021407 -0.177065 -1.032959 0.300991 -0.200223 -0.729352 0.230686 
 -81.569551 -1.997639 0.633250 -0.903735 0.260303 0.340279 -0.555703 -0.304882 0.313783 -0.227092 0.304119 0.356607 -0.009605 5.046892 -0.659576 -1.147628 1.997025 -0.052422 -0.795596 1.099078 -0.065071 -0.842535 0.439510 -0.001080 -0.629645 0.309101 -0.798860 0.260809 0.485401 -0.615410 0.134676 0.355034 -0.283694 -0.157118 -0.154143 -0.173277 0.007833 -0.164096 -0.165974 
 -75.700869 -2.291608 -0.121291 0.155589 0.532565 0.342326 -0.374002 -0.455776 0.492665 -0.042348 0.538590 0.079302 -0.136217 -1.805037 0.686960 1.035429 -1.147170 0.184532 0.696602 -0.607939 -0.092107 0.163992 -0.083322 0.172537 0.060701 -0.122166 -4.352117 0.660396 1.412921 -1.734716 -0.023242 0.402893 -0.651180 0.103369 0.449530 -0.200277 0.081134 0.382510 -0.185117 
 -85.179626 -0.623720 2.704108 -3.198074 0.629366 1.733483 -1.771581 -0.489096 0.641768 -0.393737 0.649193 0.478008 -0.253937 -3.657342 0.661216 1.678214 -1.472407 -0.098907 0.010190 -0.203282 0.141667 0.056525 0.038956 0.161187 0.135376 -0.061134 2.954581 -0.998309 -1.403373 1.178241 -0.243503 -0.637255 0.701419 0.122665 -0.301264 0.060530 -0.097055 -0.141199 0.303881 
 -83.015552 -0.969177 3.235136 -2.789224 0.334751 0.362706 -0.780566 -0.172441 0.605714 0.035564 0.860965 0.350053 -0.258484 4.104125 -1.309658 -1.771317 1.209312 -0.302475 -0.577908 0.794899 0.153223 -0.438536 0.037737 -0.021573 -0.221697 0.485596 1.442015 -0.363981 -0.837622 0.487326 -0.056881 -0.194130 -0.041986 -0.037496 0.050311 0.092623 -0.218500 0.060298 0.048747 
 -76.971376 -3.243036 -0.838527 -0.779450 0.024417 0.577667 -0.181783 -0.182650 -0.235305 -0.318263 0.606047 0.034614 0.717255 -0.773313 -0.066746 0.002970 -0.497755 -0.212668 -0.378069 -0.287254 0.066676 0.157147 0.224203 -0.275813 0.255972 0.036360 -4.302680 1.386376 1.892773 -1.351261 0.251363 0.229803 -0.821077 -0.102373 0.701043 0.151163 -0.080540 0.202764 -0.591974 
 -84.562178 -1.102669 3.241076 -3.784734 -0.090586 -0.393433 -1.355073 -0.039089 0.920008 0.483969 0.309340 0.861997 -0.185764 -4.501234 1.463093 2.014228 -1.493211 0.200252 -0.118302 -0.847256 -0.051523 0.963549 0.340063 -0.182652 0.183831 -0.698351 0.850630 -0.246039 -0.716213 0.968184 0.354044 0.581057 0.251276 -0.057255 -0.042698 -0.287615 -0.014698 -0.543016 -0.153961 
 -85.973843 -0.316849 3.189930 -3.765873 0.424920 0.341064 -1.876294 -0.285696 1.691793 0.361864 0.240744 0.402276 -0.679447 0.927947 -0.558824 -1.429456 1.438612 0.495420 0.784045 0.215298 -0.047835 0.071750 -0.351027 -0.305209 -0.830060 -0.271562 2.016616 -0.939413 -1.064528 1.192387 0.184388 0.331234 0.738853 0.137375 -0.475736 -0.337984 -0.039920 -0.341319 0.364129 
 -82.706284 -2.220316 0.382164 -0.907509 0.900254 1.174658 -0.924477 -0.134758 1.063508 -0.218085 -0.301079 -0.798124 -0.728889 -0.468002 -0.415733 -0.114827 0.891564 0.569028 0.544167 0.630450 0.223227 0.012077 -0.335904 -0.262493 -0.498807 0.029908 -0.411814 0.888141 1.748791 -1.501783 -0.413123 -0.535546 -0.509205 -0.063750 0.129706 0.053640 0.109132 0.981259 0.030224 
 -86.909848 -1.148316 2.960277 -1.982746 1.562976 1.429397 -0.615395 0.160759 1.715946 -0.309944 -0.284242 -0.595339 -0.619632 0.104318 1.217457 2.068127 -1.564954 -0.330827 -0.287046 -0.803113 -0.175335 0.331161 -0.243746 -0.086945 1.132458 -0.211114 2.341475 0.172975 -0.218978 -0.315881 -0.620670 -0.759318 -0.556427 -0.401965 -0.307803 0.367902 0.316753 0.410723 0.119936 
 -82.497647 0.214599 4.518418 -4.037417 0.238600 0.600565 -2.530702 -0.485428 1.725831 -0.705576 -0.474968 1.466792 -1.151117 4.214948 -0.069784 -0.552784 0.259802 -0.672313 -0.974470 -0.482405 -0.580702 -0.603529 0.399901 0.371013 0.322639 0.269779 0.655019 -0.906199 -1.436761 0.942402 0.026684 -0.203946 0.620261 0.019051 -0.586855 0.409429 0.231604 -0.975006 0.327712 
 -78.479951 -1.287884 1.854709 -1.463142 0.218351 -0.519544 -1.580205 -1.000644 0.508889 0.489858 0.457785 0.049939 -0.080073 1.414356 -0.594941 -0.805394 0.319850 -0.277460 -0.694938 0.437410 -0.137234 -0.842549 0.575113 0.376263 -0.817555 0.444311 -3.791994 0.095364 0.654900 -0.901794 0.350578 0.973677 -0.028498 0.448062 0.708972 -0.299645 -0.159595 -0.066107 -0.161860 
 -79.668935 -0.975283 2.907629 -3.397717 -0.316320 -0.789310 -1.655883 -0.759895 0.040733 0.444649 0.277557 -0.168318 -0.262495 -3.369040 0.120943 0.757017 -1.543786 0.028843 0.972884 -0.539400 0.315422 0.814416 -0.199390 0.051823 0.190424 -0.053940 -0.125027 -0.028419 -0.236632 0.507854 0.241009 0.476442 0.015132 0.103087 0.298224 -0.601129 -0.412828 0.398342 -0.151044 
 -85.218030 -1.045997 3.368743 -4.550713 0.276036 1.426225 -2.659005 -0.369801 2.137721 0.091077 0.561431 0.430788 -0.187952 1.164303 -0.651780 -1.278659 1.335558 0.204558 0.257947 0.467675 0.068940 -0.246101 -0.627145 -0.449394 -0.020870 0.142224 4.310891 -0.240288 -0.925065 1.629991 -0.078977 -1.004629 0.757666 -0.230785 -1.048222 0.001973 -0.207384 -0.153560 0.085985 
 -77.340329 -2.278842 0.350311 -0.726601 0.092796 -0.273416 -0.720534 -0.622015 -0.451468 -0.809641 -0.621231 -0.210057 0.021952 5.252742 -0.359632 -1.093113 1.716196 -0.129112 -1.036373 0.975932 -0.146149 -1.282027 -0.195445 -0.362944 -0.116696 0.118030 -2.312613 0.797136 1.576131 -1.553533 0.242296 0.416958 -0.597272 -0.076872 0.617212 0.270967 0.541958 0.260786 -0.101964 
 -74.712547 -1.765262 1.182516 -1.118321 0.017812 -0.646522 -0.707142 -0.662100 -0.426334 -0.299812 -0.164458 0.197395 0.048108 -3.460923 0.942492 1.873603 -1.771508 0.689150 1.091864 -0.726870 -0.084804 0.988323 -0.085210 0.634522 0.500701 -0.061705 -4.677156 0.174160 0.811890 -0.899631 0.424299 0.933911 -0.522949 0.023099 0.907433 0.022422 0.308185 0.082634 -0.068045 
 -84.262175 -0.393859 4.097517 -4.269616 1.471096 1.910312 -2.174274 -0.791624 1.525178 -0.980062 0.647814 0.791345 -0.101458 -4.101570 -0.011312 0.530667 -0.083067 0.719486 0.831449 -0.069966 -0.099950 0.532839 -0.150602 0.253426 0.048571 -0.018059 2.999395 -0.750461 -1.551544 1.822375 -0.543641 -1.008936 0.836335 0.226533 -0.683882 0.514891 -0.266918 -0.278370 0.109112 
 -82.915686 -1.787885 2.243851 -1.284455 1.456785 1.016375 -0.847074 -0.862001 0.639344 -0.601015 0.342395 0.294538 0.011991 2.537867 -0.558429 -1.229484 1.873243 -0.398132 -0.926008 0.945800 0.368262 -0.379440 0.944571 0.100687 -0.056038 0.156518 1.921988 0.462668 0.163014 -0.997112 -0.898977 -0.439326 -0.244678 0.303175 -0.448310 -0.144065 -0.481722 0.203510 0.038880 
 -79.186442 -1.510718 1.638548 -0.523131 0.674833 0.058297 -0.282674 -0.055099 0.766298 0.909081 0.849188 0.679269 0.211578 -0.257593 0.914024 0.856696 -2.077290 -1.078468 -0.047203 -0.559322 0.506399 -0.363781 -0.438732 -0.710018 0.455591 0.059701 -2.020339 0.573731 0.997795 -1.840995 0.109782 0.818563 -0.977098 -0.350505 0.176776 -0.921645 -0.290874 0.063922 -0.146593 
 -83.430872 0.040163 3.957242 -5.439036 -0.700151 0.921969 -1.965719 0.150798 -0.088219 -1.478478 -1.077642 1.205719 0.131392 -1.502812 0.589032 0.766105 -1.808748 -0.178568 0.711119 -1.008395 -0.332748 -0.025888 -0.898718 -0.481061 0.071806 -0.136668 0.661547 -0.963132 -1.211680 2.219628 0.921433 -0.109023 0.734366 -0.327758 0.372831 0.378759 0.473700 -0.742544 -0.227831 
 -82.192066 -0.332654 3.170758 -4.140626 0.317697 1.480534 -2.299464 -0.720596 0.714522 -0.888355 -0.112935 0.822882 -0.061757 1.065501 -1.012240 -1.566664 2.361965 0.764399 -0.265250 0.909409 -0.149117 0.381881 0.318787 0.237382 -1.029497 -0.395960 -0.498730 -0.611420 -0.931576 0.926581 0.029313 -0.178633 0.625782 0.500238 0.246596 0.500735 0.219464 -0.213764 -0.008222 
 -81.299871 -1.984317 0.823914 -0.715105 0.828646 0.391470 -0.146901 -0.147437 0.675543 -0.840905 -0.602877 -0.853274 -0.660528 -2.500271 -0.633808 -1.097047 0.044414 -0.119941 0.353852 0.243170 0.667727 0.467303 0.102752 -0.042133 -0.355722 -0.153112 -2.256500 0.598896 0.867962 -1.707379 -0.466206 0.446633 -0.727193 0.167088 0.076782 -0.307251 -0.010972 0.760881 0.321791 
 -87.192608 -1.600270 0.976665 -4.051797 0.077815 2.188238 -1.813124 0.614859 1.649128 -0.682850 -0.197200 0.111439 -0.367981 -3.447499 0.185551 0.169259 -1.052792 -0.168014 0.628016 -0.544976 0.185058 0.535444 -0.295715 0.215439 0.492265 0.247621 2.255877 0.191392 0.433102 0.607326 -0.210291 -0.868930 0.070663 -0.417774 -0.642729 0.143614 -0.050624 0.148365 0.254035 
 -88.194870 -1.613216 1.162432 -2.820689 0.492619 1.647503 -1.236853 0.222678 1.746431 -1.432336 -0.171999 0.131256 -0.165286 2.011482 -0.251024 -0.230843 1.259067 -0.540523 -1.384007 0.384496 -0.167821 -0.818156 0.389980 -0.143381 -0.058992 0.354958 2.096198 -0.097855 -0.114283 0.665599 0.023512 -0.310359 0.220614 -0.181982 -0.658437 0.343491 -0.035139 -0.275479 -0.288692 
 -83.169644 -2.102318 0.514979 -1.533664 -1.003231 -0.579775 -1.044132 0.279217 0.012817 0.097110 -0.483963 -0.006545 0.341935 0.744898 -0.010160 -0.059308 0.278407 -0.120990 0.007299 -0.103747 -0.178905 -0.781430 0.391267 0.145160 -0.058692 -0.329764 -1.605350 0.436337 0.589322 -1.078728 0.774608 1.444592 -0.445448 0.121070 0.706936 -0.526582 0.235353 0.209844 -0.414991 
 -86.705075 -1.633537 1.043817 -2.263876 0.250640 1.662101 -1.444347 -0.135133 0.183571 -0.649802 0.118322 0.013872 -0.824814 -1.199217 0.621649 0.947800 -0.898389 1.008692 1.505177 -0.506400 0.074320 0.595716 -0.663185 0.327324 0.360697 -0.475024 0.189445 -0.039983 0.021501 -0.254694 -0.094922 -0.145428 0.120285 0.110460 0.417453 -0.093474 -0.138604 -0.050469 0.337226 
 -85.568078 -0.859020 2.410580 -3.330441 1.014152 2.430578 -2.056933 0.427858 1.204250 -1.229261 0.170685 0.714848 -0.608113 1.123788 -0.090127 -0.016305 -0.230981 -0.310834 -0.283558 0.136822 0.042015 0.053475 0.204320 -0.132047 -0.159631 0.344689 0.683951 -0.436843 -0.657903 0.553989 -0.828312 -1.139871 0.329089 -0.133789 -0.442370 0.464436 -0.448448 -0.517334 0.257218 
 -84.457499 -1.813790 1.011207 -2.725838 -0.371028 1.094985 -1.170703 -0.051102 0.290521 -0.241163 -0.145773 -0.305391 -0.135435 0.168685 -0.252037 -0.368005 0.209589 -0.647932 -0.774564 0.151778 -0.193257 -0.289023 0.265688 -0.569572 -0.673971 0.039412 -0.816259 0.254866 0.552544 -0.206514 0.386340 0.290838 -0.301000 -0.107342 0.227967 -0.384511 0.097562 0.325309 -0.212005 
 -85.230709 -1.363094 1.674571 -2.911263 -0.281712 0.881450 -1.753377 0.041343 0.626204 -0.697885 -0.968458 -0.633095 -0.529290 -0.508730 0.419605 1.088783 -0.644010 0.461847 0.298117 -0.465178 -0.172670 0.509409 -0.564703 0.063076 0.490987 -0.079321 -0.101540 0.029830 0.273732 -0.222042 0.498712 0.550246 -0.111047 0.017658 0.457458 -0.177540 0.507927 0.616831 0.187932 
 -85.474960 -0.974579 3.188774 -4.013858 0.552666 1.691220 -2.101059 -0.396442 1.309339 -1.370568 -0.019621 0.676583 -0.294076 -0.034395 -0.192377 0.179458 -0.234494 0.349491 0.325928 -0.070317 -0.157941 0.625892 -0.089392 0.446282 0.559690 0.415276 0.164102 -0.473589 -0.820549 0.530736 -0.336098 -0.573023 0.399087 0.164894 -0.166563 0.535872 -0.134371 -0.409499 0.027542 
 -85.299499 -1.747847 2.033488 -3.380251 0.417269 1.533305 -1.894011 -0.274540 1.877989 -0.876669 -0.075895 0.486285 0.301262 -0.180526 -0.527573 -0.552315 0.417462 -0.210350 -0.847929 0.332997 0.157119 0.176284 0.507042 -0.205667 -0.328011 -0.024236 -0.721216 0.187808 0.050944 0.388056 0.007568 -0.221606 0.358316 0.215689 -0.240212 0.006785 -0.364045 -0.357478 -0.512088 
 -85.836013 -2.029725 2.084145 -3.178934 0.131965 -0.004639 -1.435066 -0.082204 1.661907 -0.356484 -0.430955 0.020561 -0.342549 -1.476828 0.183240 0.281346 0.541619 0.364627 -0.117284 0.646315 0.273436 0.145467 -0.075821 -0.281809 -0.155266 -0.608901 -0.052112 0.526886 0.308406 -0.238636 0.313246 1.076813 -0.001475 -0.036053 -0.386757 -0.466145 0.166746 0.200109 0.010125 
 -88.253154 -1.381367 2.596180 -2.297013 1.146524 1.298737 -0.601382 0.272333 2.168923 -1.028310 -0.639513 0.175752 -0.916539 -0.284750 0.526198 0.064498 -0.059810 0.416142 1.305696 0.330046 0.085012 -0.597230 -0.425248 0.127826 0.072207 -0.003987 1.373736 -0.097791 -0.364924 -0.287283 -0.320531 0.202472 -0.359605 -0.171957 -0.654923 0.163763 0.291404 0.087375 0.637687 
 -86.405513 -0.977329 2.213140 -3.298554 0.964250 2.606753 -0.774973 0.087820 0.467448 -1.206981 -0.175303 0.164974 -0.350522 1.270645 -0.012343 -0.448503 -0.032946 -0.276434 0.287661 -0.072895 -0.070478 -1.164378 0.251704 0.301000 0.019484 0.666474 0.136206 -0.341896 -0.318422 -0.180661 -0.597744 -0.858387 -0.429107 0.164638 0.451763 0.241237 -0.240498 0.074510 0.036807 
 -85.711864 -1.406052 1.699174 -2.362905 0.593657 1.874058 -0.747171 0.131376 -0.159833 -0.524902 -0.037513 0.214721 0.416409 -0.012337 -0.157594 -0.572347 -0.421133 -0.779347 -0.411078 -0.528167 0.414287 0.306295 0.057225 -0.353170 0.221226 0.069628 -1.053701 -0.055615 0.136457 0.101160 0.110320 -0.319599 0.162828 0.238933 1.022387 -0.199975 -0.247566 0.296203 -0.625189 
 -86.430188 -1.292518 1.068445 -4.140819 -0.594444 1.784596 -1.831308 0.916394 1.080039 -1.092530 -0.881644 0.607427 -0.211267 -0.836757 -0.123574 -0.175589 0.169373 -0.055794 -0.351538 0.252761 0.407387 0.880396 -0.148245 -0.194132 0.611890 -0.583903 -0.232629 -0.011373 0.356061 0.739731 0.658801 0.052135 0.661498 -0.199705 -0.022918 0.039172 0.290552 0.097155 -0.169846 
 -87.385378 -1.653199 1.347995 -2.024159 0.482068 1.170982 -0.241649 0.946150 1.600958 -0.821392 -0.425777 1.438500 -0.751397 -0.477595 -0.180340 0.139775 1.058330 0.538256 -0.306807 0.794830 0.014878 0.260460 0.135569 0.227933 0.415537 -0.270065 0.179581 -0.028383 0.157682 0.444478 0.297025 0.022365 0.271034 -0.196254 -0.309968 0.141907 0.211033 -0.098176 0.156919 
 