-77.960379 -1.869374 3.102657 -4.596548 1.902956 1.434639 -1.872348 -1.294082 3.241963 -1.865253 0.788391 -0.296334 0.401044 4.528028 0.155487 -0.424362 1.104395 -0.378432 -0.059889 0.518349 0.444648 -1.071252 0.549795 -0.510083 -0.479840 0.265033 2.554277 -0.102525 -0.329416 0.354813 -0.220181 -0.363523 0.126111 0.062218 -0.105648 0.245254 0.038762 0.112905 -0.229882 
-68.904324 -1.558400 2.253932 -2.387758 1.146092 1.314860 -0.835651 -0.404787 1.099460 -0.765663 -0.231775 -1.256015 0.931110 9.636581 -0.049564 -1.083194 1.814021 -0.818794 -0.786935 0.770571 0.569083 -1.282548 1.040304 -0.432558 -0.254030 -0.194732 -4.776428 -0.278549 -0.118085 -0.278676 -0.014599 -0.423752 -0.025899 -0.197370 0.442116 -0.070542 0.437217 0.469141 -0.304121 
-58.687217 -1.968501 0.936268 -0.968506 0.265368 -0.139230 -0.331207 -0.155915 0.676868 0.215354 -0.076725 -0.804393 0.011581 -5.024828 -0.401611 -0.660533 0.547042 -0.407630 -0.907393 0.466551 0.049907 -0.187020 0.408710 0.364350 0.458442 -0.343210 -12.293116 -0.000888 0.720834 -1.814612 0.617486 0.953340 -0.450897 -0.263247 0.947587 -0.962289 0.352744 0.406695 0.260198 
-78.953979 -2.361622 0.932866 -1.293674 0.330832 -0.499926 0.097451 -0.304972 0.725420 0.051758 0.496926 -0.339131 0.244691 -14.949652 -0.051340 0.358474 -1.815204 0.416178 1.119746 -0.131223 0.042589 0.612626 -0.884274 0.272929 0.559360 0.325664 1.223067 0.103207 0.269138 -0.589826 0.053451 0.553838 -0.306711 0.051673 0.127270 -0.382182 -0.289795 -0.002295 0.221726 
-88.586521 -2.071181 1.653215 -4.598913 1.097724 2.100261 -0.593653 -0.070737 1.902119 -1.553193 0.469133 0.314328 0.662909 -2.578694 -0.195198 -0.122257 -0.632609 -0.300729 0.200282 -0.146872 0.153253 0.067519 -0.355654 -0.215239 0.453852 0.100243 7.660055 -0.188757 -0.489744 1.394858 -0.415820 -0.786401 -0.193431 -0.064602 -0.472309 0.655913 -0.311450 -0.380852 -0.495879 
-84.111367 -2.752017 0.688352 -2.558893 -0.270625 -0.099361 -0.196293 0.001535 0.860458 -0.659550 0.066448 0.568573 0.445176 0.370459 -0.428853 -0.621014 0.974513 -0.415462 -0.453056 -0.518085 -0.086615 -0.331992 0.427552 -0.349971 -0.202344 -0.666093 -0.164487 0.158521 0.135959 0.105445 0.367716 0.641570 -0.372003 -0.124353 0.205298 -0.052859 -0.103941 -0.320930 -0.319763 
-87.845604 -2.928887 0.411186 -2.649888 0.266801 1.194149 -1.629822 -0.243967 1.238134 -0.698090 -0.230808 -0.090361 -0.669277 -2.907669 0.121845 0.149660 -0.421720 0.434704 1.483423 -0.890879 -0.095454 0.478114 -0.461371 -0.423122 -0.188008 -0.539283 2.343930 0.356178 0.205317 0.155197 0.187896 -0.177350 0.659364 0.069384 0.035897 -0.022945 0.288295 0.149437 0.480942 
-89.926705 -2.508328 0.987672 -3.402333 0.598784 2.867484 -1.978050 -0.189372 1.816686 -1.582293 -0.779796 0.192557 -0.633390 5.058319 0.283503 -0.210381 1.284908 -0.039670 -0.807756 0.800642 0.052153 -0.260198 0.381661 0.226619 0.096530 0.295791 3.580452 -0.013828 -0.333991 0.914808 -0.372634 -1.512044 0.853757 0.107241 -0.518549 0.664858 0.422858 0.052984 0.364393 
-77.728966 -2.361882 -0.009576 -0.080073 0.187462 -0.421364 -0.028537 -0.139660 0.717738 0.065233 0.222430 0.102699 -0.077695 4.253235 0.094189 -0.518321 1.407896 -0.310563 -1.540666 0.816634 0.119029 -0.558983 0.868345 0.422594 -0.082040 0.189504 -5.066991 0.057888 0.442182 -1.565568 0.088544 0.992761 -0.977616 -0.077206 0.318393 -0.439800 -0.087827 0.044750 -0.324196 
-81.420235 -2.319950 -0.048970 -0.586542 -0.022342 -0.213848 -0.344781 0.048686 0.698720 0.154397 0.065392 0.028477 -0.254382 -5.075662 0.399279 0.673984 -1.846228 0.137418 1.177766 -1.154590 -0.102258 0.376588 -0.497940 0.050965 0.186031 -0.352600 -3.302078 0.054774 0.437397 -0.984514 0.144624 0.787125 -0.524580 -0.211097 0.066712 -0.603463 -0.280220 0.030940 -0.090348 
-87.880290 -1.563323 1.338391 -3.772528 0.462299 1.934168 -2.337717 -0.344177 1.470914 -0.930646 0.324360 0.474761 -0.782896 -2.350921 0.203737 0.356472 -0.561133 -0.021315 0.033583 -0.232525 -0.303166 -0.425560 -0.338581 -0.137845 -0.020160 0.008808 3.134244 -0.368681 -0.501613 1.541501 -0.158240 -1.059732 1.030627 0.147257 -0.622840 0.288868 -0.278444 -0.190659 0.381147 
-86.122078 -1.912476 0.663974 -1.708807 -0.064971 -0.146681 -0.809831 -0.557646 -0.152399 -0.522765 -0.210298 -0.011844 -0.236766 1.192826 -0.338082 -0.329243 1.236775 -0.179062 -0.941697 0.906665 0.192256 -0.869092 0.079796 -0.505923 -0.195287 0.409695 0.330991 -0.154429 -0.054177 -0.148140 0.005547 0.506569 -0.437577 0.137481 0.474075 0.126585 0.055223 0.197319 -0.227971 
-85.494638 -2.239488 0.679904 -1.298978 0.104174 0.050774 -0.524387 0.040335 -0.267270 -0.771055 -0.687485 0.084187 0.036493 -1.688939 -0.105121 0.248119 -0.857413 -0.010221 1.046722 -1.107679 -0.028203 0.522591 -0.085411 -0.027398 0.374477 -0.447134 -0.577925 0.131908 -0.004424 -0.870838 0.007486 0.827982 -0.421809 0.184873 0.794774 0.184938 0.342240 -0.064923 -0.303914 
-89.499957 -2.122719 1.160212 -3.423632 -0.085413 1.946762 -3.025189 -0.614052 0.892782 -0.693587 -0.265095 0.737110 -1.131035 0.036976 -0.074266 -0.338092 -0.504900 -0.164091 0.714267 0.063048 0.562002 0.720456 0.449672 0.178556 -0.325133 -0.198134 3.106701 -0.020863 -0.386052 1.026009 0.027401 -0.775995 1.423142 0.391987 -0.513887 0.021234 -0.080875 -0.421408 0.674908 
-85.420687 -2.388021 0.003721 -2.308778 -0.224007 1.479307 -0.398292 1.164340 1.173643 0.128289 -0.330372 -0.566078 -0.359774 4.524464 -0.146848 -0.523984 1.194605 0.044581 -0.505268 1.738604 0.755770 -0.505183 -0.042943 -0.189148 -0.468338 0.902682 -1.048726 0.194749 0.483474 0.052673 0.064115 -0.524179 -0.314970 -0.423239 -0.411136 -0.417606 -0.323585 0.281418 0.014801 
-80.451029 -2.416415 0.112244 -1.034422 0.003749 0.936227 0.452019 0.897489 -0.117583 -0.779474 -0.643391 -0.199566 0.674328 -2.060476 0.315232 0.628857 -0.399554 -0.035860 -0.334091 -0.566893 -0.284476 -0.101816 -0.385541 -0.468613 0.237704 -0.168532 -3.975072 0.112099 0.257217 -0.889508 -0.093878 0.220790 -1.096384 -0.369299 0.321019 0.160278 0.109053 0.224150 -0.711141 
-89.541638 -1.757557 1.261435 -3.107886 -0.295727 0.811126 -1.532078 0.595387 0.970012 -0.642793 -1.267598 -0.090671 -0.696839 -3.425681 0.077350 -0.009550 -0.584411 -0.143175 -0.063688 -0.454164 0.017172 0.136855 0.277612 0.028958 -0.020039 -0.519601 4.523123 -0.273581 -0.617453 0.819991 0.057705 0.013578 0.654653 0.071354 -0.125436 0.397767 0.532500 -0.214426 0.112417 
-87.302392 -2.261714 0.093143 -2.203245 -0.282601 0.808850 -0.456309 0.931832 0.156126 -0.224250 -0.585475 -0.239644 -0.364873 6.985771 -0.231930 -0.606050 1.240429 0.079551 -0.306935 0.742413 -0.141769 -0.352688 0.409994 0.596386 -0.191148 0.056302 1.434933 -0.142067 0.107587 0.323987 0.104653 0.186803 0.067255 -0.267411 -0.011870 -0.346273 0.074841 -0.030914 0.177913 
-75.570097 -2.221418 0.049335 -0.627029 -0.136624 0.197256 -0.047253 0.311849 0.264635 0.177195 -0.074825 -0.472966 -0.584234 -0.555815 -0.206783 0.205624 0.063563 0.066132 0.309917 -0.319653 -0.517650 0.113114 -0.414935 0.178641 -0.081867 -0.163774 -6.934205 0.276732 0.767709 -1.400834 -0.096799 0.363350 -0.719222 -0.089015 0.252542 -0.285982 -0.275463 0.189501 -0.059709 
-88.414023 -2.675280 0.504390 -2.076120 -0.150337 1.428685 -1.095616 -0.103468 0.382355 -1.054119 -0.228193 -0.403379 -0.692420 -6.882640 0.321534 0.929367 -1.561239 -0.114047 0.419765 -0.696030 -0.319798 0.152396 -0.161969 0.045461 0.187854 -0.063116 2.496626 0.316059 -0.110883 0.227932 0.084494 -0.343018 0.433047 0.253255 -0.288387 0.387283 -0.058212 0.024047 0.261948 
-89.335377 -1.578349 1.908070 -3.749507 -0.364718 1.036786 -1.439314 -0.327747 0.569426 -0.146743 0.016096 -0.097258 -0.710467 4.437437 0.425336 -0.016142 0.519427 0.235120 -0.376118 0.546440 -0.011140 -0.463661 0.359632 0.062217 -0.033774 0.360121 3.995784 -0.306924 -0.837932 1.280518 0.241951 -0.161029 0.415952 0.063469 -0.215184 -0.091859 -0.181971 -0.232182 0.179611 
-79.539150 -1.824608 0.472105 -1.037267 0.319902 0.676449 -0.002735 -0.125747 -0.544967 -0.334855 -0.103760 -0.470926 0.027823 1.108928 -0.292314 -0.746496 0.999796 0.369855 0.097708 0.135874 -0.192860 -0.277973 -0.345687 -0.318482 -0.276510 0.296106 -4.794324 -0.439373 0.068000 -0.733525 -0.074883 0.676399 -0.549643 0.200712 0.745617 -0.480416 -0.309244 -0.038931 -0.353717 
-87.117521 -2.162977 0.415077 -1.749915 0.374992 1.232202 -1.167565 -0.713468 0.013480 -0.838118 -0.620869 -0.650279 -0.118254 -5.151212 -0.453411 0.119857 -0.947623 0.085353 0.976679 -0.552847 0.390283 1.027572 -0.601200 -0.556270 -0.111636 -0.347312 -0.859245 0.024553 0.362274 -0.586190 -0.056751 -0.033187 -0.003831 0.245160 0.473071 0.164587 0.253958 0.358955 -0.318014 
-89.841573 -2.731430 0.711819 -2.932512 0.490608 2.629807 -1.108428 0.654820 1.510178 -1.537254 -1.216300 -0.694198 -0.666801 -0.609562 -0.243208 -0.021949 -0.172585 0.256353 0.031333 0.128212 0.297460 0.668169 -0.016514 0.189434 0.441400 -0.339922 2.891459 0.220184 -0.059216 0.475394 -0.213979 -0.768821 0.170553 -0.290106 -0.469844 0.427970 0.449234 0.291516 0.298616 
-88.336646 -2.649393 0.371180 -2.095084 0.887698 1.294869 -0.911141 -0.118547 1.349818 -0.871145 -0.242001 0.232521 -0.798099 0.631706 -0.013043 0.001426 0.003164 -0.342605 -0.560963 -0.211740 -0.189929 0.087884 0.254741 0.342197 0.471396 0.249919 0.204027 0.340142 0.350254 -0.249537 -0.159127 0.321352 -0.217169 0.032599 -0.174345 0.055717 -0.033595 -0.248559 0.040365 
-88.578162 -2.757516 0.714670 -2.926183 -0.194602 1.507881 -1.531909 0.274962 1.685947 -1.027772 -0.531907 0.248593 -0.166964 -0.201508 0.437076 0.678559 -0.671660 -0.061901 0.674037 -0.306126 0.362659 0.319480 0.094919 0.122243 -0.055719 -0.259192 -0.579405 0.199516 -0.056848 -0.214291 0.231837 0.442785 0.166727 0.235371 -0.118385 -0.070857 -0.362759 -0.507639 -0.345927 
-88.739663 -1.775240 1.728297 -3.438404 0.763896 2.642944 -1.523393 0.606771 1.988779 -0.681306 0.002485 0.121083 -1.316482 -0.527105 0.385989 -0.112271 -0.425417 0.121068 0.324608 0.121714 0.280812 -0.148885 0.113028 -0.383322 -0.543883 -0.441934 -0.007673 -0.331432 -0.578246 0.695340 -0.185674 -0.835050 0.131916 -0.175986 -0.078438 -0.171840 -0.388607 0.235909 0.175431 
-89.632371 -1.985538 0.490128 -3.777017 0.047535 2.157097 -1.288482 0.836587 1.388178 -0.801716 -1.298551 -0.839172 -1.050832 -0.216854 -0.225787 -0.477934 0.719020 -0.433249 -0.996063 -0.042293 0.010687 0.162604 -0.248760 -0.654970 0.416100 0.091671 0.391669 -0.212069 0.232893 0.262423 -0.137246 -0.396051 -0.056423 -0.275657 -0.057820 -0.077963 0.385356 0.538904 0.250085 
-89.173371 -2.226815 0.772430 -2.000364 -0.102602 0.650817 -1.607980 0.628145 2.313986 -1.178826 -1.307456 0.953283 -1.133141 0.256233 -0.038149 0.353514 0.099429 -0.153425 -0.467494 0.008867 -0.270503 -0.264525 -0.042899 0.387389 0.533925 0.058236 1.450927 0.158762 0.244897 -0.169497 0.300181 0.515943 0.206908 -0.277557 -0.588638 0.287574 0.753820 -0.378123 0.289256 
-89.119905 -2.061837 1.197157 -3.578159 -0.259314 1.222108 -1.270749 0.295582 0.859128 -0.887513 -0.523772 0.228678 -0.934360 2.684999 0.091738 0.011860 0.380026 0.167113 0.035822 0.371523 -0.544426 -1.014672 0.326388 0.852669 -0.340146 0.670182 2.385264 -0.023197 -0.357119 0.740326 0.199568 -0.122761 0.278557 -0.041996 -0.155014 0.133515 -0.091589 -0.240914 0.201838 
-83.803373 -2.043340 0.796150 -1.240313 0.231625 0.722461 -0.864933 -0.460706 0.284643 -0.526049 0.397882 0.272992 0.207223 5.026762 -0.084544 -0.360724 1.580081 0.245712 -0.713016 0.565981 -0.354494 -0.574552 0.224132 0.204212 0.052098 0.461911 -2.416782 0.053080 0.210834 -0.803200 -0.171739 -0.000780 -0.427843 0.448678 0.867824 -0.209846 -0.711310 0.094115 -0.635961 
-79.066381 -2.230925 0.475709 -0.417998 0.232110 -0.203923 -0.138788 -0.413406 -0.289975 -0.439250 -0.115348 0.332873 -0.010538 -2.148565 0.197897 0.433528 -1.226375 -0.176365 0.034261 -0.484164 0.352930 0.720976 -0.093304 -0.569952 -0.151917 -0.601740 -4.707236 0.118819 0.302925 -1.629785 -0.395173 0.625691 -0.595217 0.442380 0.678535 -0.094494 -0.226712 -0.026876 -0.485420 
-88.100502 -1.647545 1.663206 -3.693063 -0.121105 0.790984 -1.833260 0.245153 1.726594 -0.712658 -0.742021 -0.030841 -0.996258 -4.387710 0.153093 0.245127 -1.679490 -0.544633 0.538367 -0.624454 0.530265 0.782517 0.035144 -0.249213 -0.001655 -0.508928 1.746777 -0.212181 -0.392317 0.825590 -0.018454 -0.100262 0.529164 -0.004111 -0.533617 0.325663 0.382551 0.366422 0.633237 
-87.841801 -1.924738 0.965963 -3.776978 -0.857157 0.872810 -1.387696 0.647124 1.275059 -0.368963 -0.613774 0.329563 -1.028394 1.344990 -0.226465 -0.351107 0.424804 -0.213272 -0.166262 0.574165 0.344709 -0.346258 0.558022 0.195151 0.580927 0.664735 1.846048 -0.241696 -0.124582 0.688133 0.498270 0.084950 0.257959 -0.398151 -0.599482 -0.165628 0.126367 -0.023012 0.481585 
-85.410522 -2.100475 0.960991 -2.843455 -0.547650 0.458460 -0.684930 0.934571 1.034079 0.403386 -0.351719 1.131013 0.333212 -0.695614 -0.330299 -0.004037 -0.303224 0.451907 0.708267 -0.108536 -0.266038 -0.416447 -0.296113 0.003522 -0.047678 0.454241 -1.800104 0.001231 0.101290 -0.441570 0.178150 0.374652 -0.387560 -0.341525 0.161860 -0.464172 0.018876 -0.306299 -0.441059 
-89.233030 -2.585337 0.957888 -4.383426 0.046657 2.289345 -1.604768 0.115048 0.442165 -0.961188 -0.606731 0.234207 -0.119911 -2.255217 -0.224004 -0.148527 -0.458336 0.143027 0.583043 -0.200954 -0.338341 -0.022539 -0.370321 0.232903 -0.031671 -0.217383 1.915249 0.210113 -0.114425 0.932511 -0.290971 -0.930428 0.418700 0.188694 0.200467 0.496284 0.173688 -0.025742 -0.218786 
-89.920956 -2.548483 0.663937 -3.760128 -0.261595 1.624547 -1.086838 0.257889 0.989001 -0.337257 0.114087 1.067671 -0.101555 3.134883 0.089926 -0.232888 1.561798 -0.130035 -1.152589 0.728864 0.111350 -0.015512 0.696455 0.350898 -0.099162 0.016669 1.605862 0.121653 -0.008638 0.524516 0.118649 -0.266409 0.002272 0.097629 0.056992 0.305190 -0.063843 -0.318143 0.098724 
-82.963263 -2.405485 0.492112 -1.259831 -0.213414 -0.015833 -0.147040 0.337747 0.411141 0.431721 0.095064 0.035883 -0.086573 0.956507 0.019302 -0.165803 0.590695 0.380325 0.050225 -0.196410 -0.143084 0.091446 0.240058 0.105217 -0.667958 -0.019936 -3.204251 0.022279 0.262096 -1.213873 0.437962 1.343261 -0.764526 -0.119280 0.136776 -0.925305 -0.245028 0.348775 0.060496 
-88.007942 -2.509879 0.332331 -2.578737 0.499054 1.724997 -1.479659 -0.028278 1.171893 0.142860 0.324522 -0.268245 -0.141428 -3.273619 0.134485 0.291304 -0.865948 0.745888 1.533932 -0.800188 -0.127210 0.258039 -1.154156 -0.139159 0.598387 0.137662 -0.031800 0.077336 0.097292 0.003713 -0.370997 -0.290036 0.332464 -0.076143 -0.401886 -0.155567 -0.043803 0.239728 -0.017525 
-89.510501 -2.136515 1.074720 -2.991726 1.278362 3.052031 -1.747416 0.083326 0.927220 -1.876590 -0.183254 1.232657 0.188751 0.892907 0.173973 0.028780 0.598121 -0.361668 -0.529847 0.468517 -0.295369 -0.712326 -0.071075 0.017611 -0.188501 -0.054986 2.064516 -0.119925 -0.126564 0.585340 -0.567864 -1.262642 0.745111 -0.073781 -0.249354 0.950913 0.186749 -0.796036 -0.072886 
-86.222127 -2.161933 0.389891 -1.382495 -0.224283 0.665302 -0.542625 -0.619016 -0.252760 0.000709 0.359743 -0.645247 -0.251401 0.855412 -0.105365 0.038176 0.304732 -0.389840 -0.991352 0.690035 -0.274773 -0.240669 0.747671 0.234340 -0.993685 -0.008109 -1.229343 -0.083853 0.181064 -0.690870 0.497417 0.604293 -0.503269 0.343572 0.955901 -0.200177 -0.127353 0.272022 0.025785 
-87.799677 -2.347245 1.151072 -2.382262 0.498681 1.069328 -0.367347 -0.466219 0.445883 -0.381248 0.285425 -0.754713 0.172532 -1.565778 0.006267 0.390909 -0.783620 0.633167 0.678738 -0.538022 0.391775 1.199475 -0.471428 -0.237096 0.355542 -0.003416 -0.609793 -0.087398 -0.230952 -0.437076 0.175268 0.549038 -0.876346 0.154027 0.357263 -0.567008 -0.139819 0.641665 -0.370778 
-89.353684 -2.149399 1.171708 -2.949735 1.042050 2.022778 -1.618668 0.164535 2.146190 -0.942147 -0.114449 0.065837 -0.258234 -0.364174 -0.280161 -0.423727 -0.569420 -0.039303 0.106724 -1.062657 0.033282 0.473857 -0.386345 -0.045299 0.289646 -0.749664 0.833942 0.125826 -0.107720 0.304290 -0.369687 -0.541029 0.409788 -0.089689 -0.799322 0.319037 0.125818 -0.030576 0.093132 
-88.528026 -2.907567 0.303618 -3.521102 0.420074 1.282775 -2.492661 -0.399656 1.393597 -1.153939 0.194827 -0.175421 -1.326796 0.102106 0.257918 0.175468 -0.175040 -0.106208 -0.403320 0.281554 0.212397 -0.399170 0.166646 0.014539 0.294389 0.182847 0.033783 0.447906 0.415093 0.100819 0.031947 0.269519 0.716586 0.208125 -0.364911 0.068053 -0.309051 -0.228835 0.599570 
-89.149472 -1.633563 1.522645 -3.299815 0.829634 1.216137 -1.055560 0.589330 1.347850 -0.608856 -0.085371 0.654615 0.107460 -0.296608 0.615651 0.406458 -0.367782 0.024591 0.645762 0.370515 0.449532 -0.255966 -0.250239 -0.663402 -0.168024 0.449475 -0.034392 -0.129290 -0.269194 0.347130 -0.157813 0.210307 -0.570725 -0.413609 0.226610 -0.081723 0.057249 -0.246027 -0.242551 
-89.121241 -1.676266 1.116534 -4.256667 0.469257 2.574299 -1.751631 0.499408 0.881665 -1.654416 -1.131978 -0.511470 -0.427847 0.033322 -0.000662 -0.362919 0.519220 -0.421834 0.017294 -0.859895 -0.614821 0.054051 0.003200 0.129037 -0.197665 -0.302256 0.542975 -0.329034 -0.265618 0.634179 -0.259792 -0.930562 -0.077456 -0.387323 -0.167402 0.384865 0.674878 0.321159 -0.010838 
-89.082827 -1.634887 0.796807 -2.261376 -0.014035 1.250726 -2.775351 -0.640311 1.455952 -0.602457 0.172703 0.259284 -0.497052 0.789343 -0.042418 -0.124777 0.900576 -0.494994 -1.215361 0.215603 -0.325115 -0.590769 0.519490 0.686355 0.474293 0.427799 -0.111713 0.166397 0.498329 -0.567061 0.167077 -0.151509 0.705894 0.454752 -0.210541 -0.251340 -0.411014 0.283134 0.315684 
-87.542556 -1.761102 0.866979 -2.455515 -0.520730 0.143577 -1.320425 -0.150821 -0.299873 -0.615435 0.240732 0.437117 0.427752 -0.190103 0.332131 0.633738 -0.614902 -0.087681 -0.285723 0.551893 0.294684 -0.367030 -0.499481 -0.692990 0.368602 0.329111 -1.128067 0.092643 0.385970 -0.679403 0.499392 0.813531 -0.064920 0.182502 0.755804 -0.316339 -0.454030 -0.166841 -0.338536 
-89.463033 -0.970625 2.064283 -3.491180 -0.189397 0.679280 -1.671566 -0.050943 0.721892 -1.601419 -1.213278 0.996488 0.161171 -1.466792 0.142869 0.647163 -0.458230 0.503790 0.411701 0.085762 0.039890 0.920838 -0.113187 -0.221704 0.140612 -0.249273 0.093138 -0.181459 -0.157704 0.422542 0.267529 0.287966 -0.358271 -0.118151 0.342950 0.373524 0.500780 -0.280641 -0.486725 
-90.476140 -1.475365 2.161305 -3.371975 0.486850 0.966980 -1.148901 -0.071042 1.541804 -0.841809 -0.202676 0.718341 -0.070794 -0.003828 -0.030787 0.318329 0.230182 0.447377 0.290210 -0.164650 0.058383 0.318871 0.247567 0.308569 -0.192680 -0.644339 1.248573 -0.083197 -0.499711 0.180262 -0.386058 0.159967 -0.227772 0.080325 -0.372557 0.090584 0.155737 -0.237826 -0.062664 
-89.470689 -1.032199 2.700942 -3.030816 0.705357 1.259699 -2.000866 0.065823 1.359634 -1.106285 -0.596140 0.611128 -1.127507 1.030354 -0.023526 -0.352259 -0.097706 -0.268327 0.731636 -0.369782 0.200539 0.175724 0.067982 0.089771 -0.335041 -0.374601 0.021704 -0.225487 -0.679437 -0.170859 -0.388731 0.057728 0.031926 -0.107017 0.037565 -0.028180 0.098646 0.104149 0.554412 
-88.415433 -1.522417 1.456787 -3.567386 -0.049803 2.430252 -1.888465 0.330036 1.893252 -0.705844 -0.023135 0.048260 -0.819995 0.039581 -0.481761 -1.040545 -0.111535 -0.330085 0.405666 -0.100798 -0.155651 0.394001 0.191207 0.505861 0.015619 0.464485 -0.800090 -0.253784 0.075915 0.194240 -0.043642 -1.036545 0.334427 0.016874 -0.180540 0.258734 -0.064381 0.013616 0.222697 
-89.391527 -1.995722 0.619853 -3.253886 0.045188 2.071032 -2.202461 -0.245480 2.147636 -0.723872 0.415583 0.642365 -0.198538 -0.569827 -0.531094 -0.200429 0.290775 -0.355611 -1.341453 0.299071 0.234287 -0.185355 0.585451 -0.038991 -0.307808 0.070793 -0.101646 0.301923 0.776689 -0.375571 0.069186 -0.326447 -0.103647 0.037138 -0.506942 0.057092 -0.377802 -0.232142 -0.285170 
-89.555087 -2.584605 1.055929 -2.985836 -0.761025 -0.252654 -1.290323 0.798611 1.522541 0.465057 -0.101117 -0.567355 -0.678409 -0.163711 0.122085 0.512834 -0.862677 -0.191713 -0.247228 -0.308091 -0.081375 -0.619882 0.305390 -0.249742 -0.448666 -0.105856 0.200118 0.454259 0.298105 -0.584073 0.384603 1.168583 -0.260010 -0.285655 -0.032946 -0.588624 -0.059566 0.452185 -0.128566 
-89.718949 -1.751551 1.645520 -4.979239 -0.338239 1.576575 -2.818644 -0.408230 0.907873 -0.113091 -0.083901 -0.254967 -0.410249 -0.169590 0.377424 0.395782 -0.877371 0.413594 0.995713 -0.220948 -0.337022 -0.251247 -0.591798 -0.158123 0.596563 -0.186338 0.461083 -0.037203 -0.328035 0.997829 0.265500 0.107735 0.597929 0.308585 0.339791 -0.369319 -0.052526 0.173214 0.099195 
-89.894266 -1.829757 1.847492 -4.740578 0.066164 1.738772 -1.732219 0.124567 1.020048 -0.718539 -0.417364 0.625771 -1.051085 0.758455 0.047680 -0.143237 1.132982 0.339287 -0.031758 0.887766 0.535795 0.059700 -0.433247 -0.354794 -0.102239 0.092535 0.437601 -0.309570 -0.491897 0.638757 -0.285464 -0.409501 0.240571 0.111307 -0.116129 0.328335 0.178543 -0.566633 0.404292 
-88.202040 -1.656191 1.359047 -2.713275 0.340336 1.513060 -1.043112 0.663360 1.027273 -0.979586 -0.793489 -0.459445 -0.225180 0.705613 -0.241717 -0.588013 0.400143 -0.157334 0.176711 0.260194 -0.114408 -0.483504 0.064873 0.198963 -0.536704 0.622245 -0.736259 -0.220753 -0.060749 -0.316893 -0.058570 -0.030832 -0.565071 -0.693321 -0.207942 0.069252 0.406975 0.459794 -0.111190 
-88.483041 -2.313190 0.671465 -3.940292 -0.248504 2.092194 -1.211831 -0.104250 0.053039 -0.588794 -0.019438 -0.447636 0.193404 -0.714064 -0.393825 -0.264735 0.499196 0.222147 -0.093422 -0.242377 -0.850848 -0.356183 -0.294743 0.459155 0.817349 -0.129845 -0.455224 0.136877 0.186862 0.155000 0.072483 -0.414298 -0.177206 0.023499 0.101403 -0.043222 -0.112338 0.473744 -0.351273 
-89.630167 -2.443841 0.829578 -1.714883 0.784630 1.326215 -1.527866 -1.038336 0.314906 -1.569072 0.124821 1.175252 -0.484870 -0.204835 0.032038 -0.214290 0.710144 -0.012367 -0.651885 -0.094219 -0.067411 -0.280698 -0.021571 -0.025713 0.410784 -0.080302 0.786200 0.122769 -0.029606 -0.610802 -0.582754 -0.232554 0.208891 0.684127 -0.027942 0.277348 -0.406504 -0.781870 0.138718 
-88.892712 -2.249114 0.242885 -2.520004 -0.273238 0.788424 -1.400270 -0.239071 -0.508356 -0.631935 -0.070865 0.373933 0.032801 0.858337 -0.148287 -0.323947 -0.722408 -0.943361 -0.558530 0.175405 0.517407 -0.412067 0.259952 -0.353852 -0.746391 0.147591 0.216856 -0.046241 0.251481 -0.455505 0.121854 0.458763 -0.280708 0.016030 0.613082 -0.289260 -0.180554 -0.179941 -0.042613 
-87.913494 -2.740416 0.181684 -3.159698 -1.102092 0.209156 -1.177055 -0.003523 -0.509228 -1.049168 -0.582883 -0.317530 -0.189688 0.228878 -0.060445 0.288673 -0.200866 0.231341 0.265641 -0.655635 -0.035351 0.945466 -0.600091 -0.386822 0.050903 -0.165529 -0.680278 0.142676 0.181249 0.424906 0.728603 0.508290 -0.167178 -0.256734 0.687425 -0.113688 0.295430 0.630175 -0.099266 
-88.434957 -2.370003 0.820230 -2.921736 0.189445 1.319705 -2.711540 -0.309773 1.382575 -1.832116 -0.844509 0.475738 -0.298257 -0.502219 0.137064 0.038551 0.127405 0.513845 0.458051 -0.158951 0.003939 0.962784 0.032576 0.237007 0.513959 -0.050940 0.119471 0.189235 0.005605 0.033169 -0.064406 0.016130 0.462099 0.034653 -0.478516 0.401339 0.194989 -0.180184 0.005745 
-88.917932 -2.466287 0.258787 -2.904887 -0.074401 1.125257 -1.494957 0.004354 1.416340 -0.984015 -0.108870 0.710388 -0.291569 0.467820 0.318025 0.299882 -0.134527 0.102529 0.297901 0.268564 0.033955 -0.011565 0.202587 0.003156 -0.309464 -0.154038 0.237373 0.030079 0.250555 -0.229264 -0.190361 -0.034165 -0.345699 -0.012194 -0.315060 -0.191391 -0.172282 -0.161110 -0.258076 
-87.499316 -1.733953 1.419993 -3.190791 0.394502 1.915508 -2.174413 -0.241863 1.359444 -1.426942 -0.838198 -0.143191 -0.606334 -0.027473 0.197222 0.539662 -0.331123 0.133124 0.389721 -0.850348 -0.020448 0.332664 -0.350206 -0.107557 0.191738 -0.567092 -0.560026 -0.157973 -0.183874 0.116971 -0.203954 -0.297629 -0.025703 0.063252 -0.003535 0.210760 0.199277 0.293590 -0.056416 
-88.972878 -2.071843 1.338111 -3.567134 0.191847 1.904700 -3.195654 -0.036543 2.081668 -1.684427 -0.323983 1.093865 -1.425752 -0.652231 0.002080 -0.067866 0.099414 -0.305379 -0.297356 0.217158 0.160459 -0.018635 0.624108 0.401709 0.277716 -0.266870 0.813635 -0.361576 -0.709753 0.537634 -0.250803 -0.553987 1.048334 0.099038 -0.647776 0.560483 0.117497 -0.407360 0.698078 
-88.803779 -1.729794 1.284260 -2.991962 -0.216256 1.320796 -1.740097 0.079055 1.322174 -0.178726 -0.034780 0.412242 -1.140073 1.599797 -0.525931 -0.879844 0.744144 -0.368483 -0.718253 1.246320 0.177627 -0.962888 0.770759 0.127438 -0.622982 0.829065 0.301734 -0.081812 -0.040664 -0.196791 0.188551 0.313167 0.023590 0.045859 -0.166303 -0.602107 -0.446111 -0.205191 0.357574 
-85.773284 -3.123705 -0.421577 -2.078847 -0.545119 0.468194 -0.703013 0.318711 0.155893 -0.142909 -0.069108 -0.152099 0.232377 -0.048763 -0.161544 -0.149194 -0.294168 0.071722 0.328978 0.264337 0.252177 -0.351241 -0.580107 -0.490513 -0.132665 0.448278 -1.694424 0.554275 0.719053 -0.775127 0.278619 0.812465 -0.813562 -0.111252 0.498828 -0.488721 -0.066774 0.233921 -0.627203 
-88.901305 -2.052882 0.985873 -3.580298 -0.072811 1.978752 -1.211422 0.583409 0.619692 -1.338939 -1.015807 0.146913 -0.243517 -1.789051 0.582619 0.558262 -0.806110 0.188755 0.906676 -0.380804 -0.044877 0.034769 -0.206683 -0.006110 -0.155141 -0.425341 -0.088318 -0.197969 -0.209591 0.595038 0.147379 -0.342247 -0.083645 -0.347814 0.275149 0.289699 0.428447 0.141643 -0.257999 
-89.351386 -1.958468 0.694947 -3.691066 -0.167608 2.281546 -1.464622 0.228957 0.225431 -0.556275 -0.081329 -0.462381 -0.618305 -0.225400 -0.557483 -0.568376 0.895907 0.366480 -0.355516 0.097047 -0.443452 0.199056 -0.000708 0.366380 0.150621 -0.067721 1.093444 -0.180457 -0.100405 0.413624 -0.058978 -0.559436 0.127553 -0.026867 0.334389 -0.106552 -0.266939 0.163510 0.327890 
-89.352105 -3.167848 -0.150878 -1.788484 0.660150 1.267720 -1.017327 -0.303495 1.017804 -1.340354 -0.283047 0.448156 -0.378958 0.397837 0.221705 0.357451 0.021138 0.070799 -0.212196 -0.125699 -0.098611 0.703546 -0.419786 -0.539988 0.171879 0.230439 0.042899 0.715139 0.609067 -1.124209 -0.333415 0.569467 -0.418972 0.515827 0.193817 0.060590 -0.174603 0.136332 -0.066232 
-88.555712 -1.515059 1.409850 -3.648791 -0.026009 1.857155 -1.716019 0.031734 1.632523 -1.395847 -1.161304 -0.118624 -0.157427 -0.139601 0.872796 0.649758 -1.352512 -0.300350 0.783418 -0.740897 0.588203 0.586690 0.120472 0.017173 0.423285 -0.200185 1.181293 -0.280212 -0.435319 0.671038 0.080608 -0.238743 0.469762 0.059134 -0.795833 0.518135 0.607672 -0.160427 -0.122492 
-89.631306 -1.422257 1.148638 -4.493508 0.059450 2.834557 -2.499121 0.872911 2.191185 -1.099411 -0.248701 1.294725 -0.779327 2.760423 -0.338720 -0.513186 1.363213 0.232015 -0.689682 0.813826 0.019657 -0.888120 0.616485 0.675356 -0.148975 -0.014546 1.265530 -0.663096 -0.574850 1.348716 0.247751 -0.752079 0.774555 -0.501994 -0.784915 0.122641 0.017753 -0.671872 0.325168 
-83.034866 -2.192498 0.383478 -0.922364 0.438020 0.477792 -0.088368 0.071048 -0.143717 -0.162877 0.189409 -0.416575 -0.186518 2.391459 -0.453396 -0.499942 1.344921 0.195152 -0.720740 0.808214 -0.415786 -0.983139 0.365753 0.052678 -0.920459 0.450150 -3.210249 0.236741 0.567488 -1.217905 0.022224 0.870293 -0.833320 0.244532 1.145050 -0.491268 -0.624177 0.320140 -0.096842 
-84.848388 -2.329049 0.148753 -1.803665 0.449754 1.393077 -0.882693 0.041340 0.224907 -0.367905 -0.143344 -0.546192 0.120974 -3.660074 0.134762 0.621789 -1.072597 0.276462 1.050904 -0.852815 0.508721 1.401980 -0.366051 -0.572998 0.491305 -0.208231 0.904218 0.287776 0.299716 -0.413127 -0.238775 0.095008 -0.124104 0.277630 0.326109 -0.143177 -0.047232 0.580600 -0.181668 
-90.355014 -1.922973 1.627056 -3.067558 0.990944 2.579599 -1.793997 1.088490 2.660243 -0.894978 -0.956586 0.566036 -0.602979 4.199895 0.122155 0.099489 0.518666 -0.282398 -0.530724 0.560005 0.139474 -0.330921 0.079399 -0.041785 0.240742 0.086814 5.671612 -0.091243 -0.641796 1.124800 -0.423360 -1.106753 0.949601 -0.439337 -1.478975 0.368391 0.482069 -0.383529 0.316626 
-76.448598 -2.084739 0.347731 -0.766332 -0.115042 0.331628 0.237318 0.320287 -0.436934 -0.209108 -0.226914 -0.064708 0.294601 7.683150 -0.047724 -0.661802 1.177003 -0.570258 -1.162602 1.046386 -0.369953 -1.555970 0.370731 0.391141 -0.275752 0.425021 -5.682589 -0.024587 0.270684 -0.897515 0.241749 0.842260 -0.526207 0.038355 0.364234 -0.338504 -0.023815 0.020858 -0.333970 
-74.988714 -2.018421 0.303451 -0.713553 -0.149572 0.254395 0.298776 0.348583 -0.451696 -0.153516 -0.174305 0.014532 0.247063 -7.165282 0.072980 0.640856 -1.276363 0.201099 1.153796 -0.492409 0.216183 0.397547 -0.597610 -0.089415 0.282459 -0.581127 -5.818491 -0.044640 0.305843 -0.604674 0.320153 0.560784 -0.662944 0.130901 0.920209 -0.134973 -0.157424 0.141745 -0.244437 
-90.779161 -1.938778 1.629443 -3.319059 0.287157 2.639220 -0.747501 0.752653 0.358160 -1.404327 -0.405743 0.500209 -0.867653 -3.953832 -0.137003 -0.050117 -0.032345 0.070048 -0.041035 -0.279501 -0.108152 0.284448 0.100786 0.076294 0.007739 -0.063853 7.398628 -0.076922 -0.663372 1.426463 -0.140115 -1.250082 0.379810 -0.288166 -0.197873 0.709271 0.145707 -0.221491 0.540435 
-82.896378 -2.292428 0.203218 -0.778242 -0.009476 0.172325 -0.260227 0.132279 0.117200 0.048057 -0.021718 0.030010 0.119356 7.631974 -0.080864 -0.685888 1.576562 -0.079130 -1.346367 0.267210 -0.360149 0.001802 0.820932 0.201999 -0.160523 0.499742 0.736932 -0.015197 -0.106515 -0.382290 -0.064228 0.273169 -0.448845 -0.077003 0.264886 -0.319397 -0.181530 0.202859 -0.237050 
-75.515213 -2.100505 0.257668 -0.165934 0.128896 -0.053513 -0.213080 0.032354 0.361765 0.237537 -0.001745 0.179162 0.131831 -2.479969 -0.167397 -0.263148 -0.796924 -0.058408 0.505304 -1.177190 -0.262158 0.814220 -0.538007 -0.286766 0.413457 -0.537953 -3.207480 -0.528776 -0.932726 -1.097482 -0.491595 1.122048 -0.823743 0.258435 0.162829 -0.887620 -0.463787 0.252185 -0.397646 
-87.856316 -2.627222 -0.323077 -2.372090 -0.126291 1.182934 -2.614608 -0.392036 1.745640 -1.027958 -0.595250 0.856923 -0.956551 1.217014 -1.138415 -2.551340 -0.618402 -1.062321 0.897730 -1.380276 0.156721 0.327460 -0.954308 -0.725574 0.343847 -0.295549 6.237134 -0.382280 -1.164641 0.657179 -0.513641 -0.002813 0.346517 0.343462 -0.573646 0.141678 -0.107964 -0.144127 0.405438 
-73.081185 -4.377336 -4.845012 -1.402739 -1.995745 1.741946 -2.973633 0.345796 1.016684 -1.671079 -1.452893 0.866857 -0.459267 9.994299 -0.931956 -2.592429 0.517435 -1.085691 0.499678 -0.484157 0.424767 -0.333071 -0.254652 -0.502694 0.125203 0.272923 -1.444519 1.102374 2.259845 -0.273114 0.414117 -0.780326 0.450723 -0.078990 -0.302848 0.528364 0.296996 0.233028 0.181050 
-67.867718 -4.491134 -5.507935 -1.337221 -2.297672 2.182289 -3.582921 0.457499 1.079497 -1.537261 -1.600638 1.107328 -0.410706 -1.672024 1.066332 1.968350 -1.164629 -0.234087 -0.662923 -0.478831 -0.001260 -0.278236 0.102419 -0.131583 0.809902 0.066551 -5.443768 1.343193 2.860380 -0.820291 0.640261 -0.733629 0.087560 -0.354570 -0.198831 0.064503 0.081383 0.333169 -0.252595 
-76.425233 -2.244672 -0.908311 -3.731997 -2.463919 0.416099 -3.931294 0.343276 0.460213 -1.466241 -1.716060 2.486662 -0.326166 -0.893236 1.754429 3.128332 -1.123148 0.194831 -0.967580 -0.309037 -0.284373 -0.730732 -0.125646 -0.339928 0.791542 -0.232267 3.665493 -0.153303 -0.202136 0.954876 0.571869 -0.006979 0.472462 -0.367368 -0.184510 0.059045 0.150223 -0.455412 -0.099058 
-69.654190 -0.982275 0.748729 -3.583518 -1.908010 0.247129 -4.200996 -0.111247 -0.381968 -1.788553 -2.280493 2.690411 -0.875239 5.658963 0.759726 1.564078 0.745122 0.909652 -0.676882 0.466092 -0.735995 -0.647256 0.220510 0.168864 -0.100922 -0.131564 0.193277 -0.317150 -0.039860 0.661195 0.673131 0.208494 0.650917 -0.042721 0.726144 0.243238 0.397320 -0.752820 0.416646 
-65.107307 -0.725220 2.219844 -2.241753 -0.644615 -0.937664 -2.999110 -1.128715 -0.834300 -1.025222 -1.378333 2.284818 -0.589294 -0.506683 1.120129 3.048612 0.199241 1.541093 -0.550593 0.992796 -0.369814 0.721555 0.360830 0.454712 -0.714098 0.601025 -1.556947 0.414189 0.711371 -1.245486 0.058977 0.906776 -0.483920 0.498539 1.044963 -0.233373 -0.140378 -0.031368 0.275361 
-70.667556 1.257983 6.845953 -3.185035 1.174176 -0.854057 -2.215405 -0.850875 1.061142 -1.066893 -1.371070 1.262215 0.326810 2.545070 1.588105 2.986820 -1.745849 1.027607 1.136670 -0.501748 0.261082 1.442670 -0.246237 -0.111893 -0.163658 0.419159 4.787235 -0.761288 -2.095454 -0.003579 -1.122271 0.200174 -0.305845 0.383916 -0.578544 0.098271 -0.206530 0.150595 -0.350435 
-60.017168 2.450990 8.193485 -5.733451 1.410599 1.335676 -4.002606 -0.606551 2.051039 -1.517695 -1.602119 1.957502 0.249023 9.067787 -0.402446 -1.142296 0.192083 -0.703449 -0.150244 0.381105 0.398018 -0.435533 0.557373 0.041653 -0.412909 -0.099846 0.800295 -1.591892 -2.599935 1.411060 -1.065209 -1.444979 0.682514 -0.006393 -0.995302 0.180419 0.024543 0.019513 -0.285790 
-52.531982 0.453091 4.561361 -2.800868 -0.232722 -1.154545 -1.453195 -0.054840 0.190076 0.047853 -1.287764 0.436397 0.127119 4.145660 -1.595679 -2.213050 1.076271 -1.102811 -1.753287 0.863279 0.248295 -0.547934 0.114601 -0.062807 -0.124631 -0.152421 -4.245650 -0.163353 0.370301 -0.474768 0.309666 -0.048260 -0.849371 -0.495883 0.681469 -0.815925 -0.080525 0.720307 -0.182938 
-51.725847 -0.740367 3.767385 -3.580909 -0.795023 -2.170898 -2.276048 -0.109960 0.955170 -1.288493 -1.727734 1.708240 -0.055819 0.576486 -0.729151 -0.401694 -0.757452 -0.084116 -0.246764 -1.317637 -0.593748 0.927404 -1.074476 -0.119397 1.027704 -0.465722 -1.390992 0.527141 0.781342 -0.358750 0.738285 1.063381 -0.486679 -0.461312 0.273540 0.243872 0.515584 0.039146 0.197311 
-51.379009 -1.005212 3.757973 -4.315773 -0.400954 -1.648072 -4.088470 -1.242335 2.044885 -2.101100 -1.526559 2.491806 -0.804324 1.363677 -0.541398 -0.650366 0.358771 0.373758 0.373474 -0.110079 -0.674330 -0.000854 0.602346 0.968361 -0.046339 0.242200 -0.282039 -0.021571 -0.302879 0.726525 0.028237 0.084739 1.435380 0.395161 -0.978422 1.252543 0.782556 -0.607950 0.739167 
-48.998494 -1.823162 2.466654 -2.863366 -0.047507 -1.423950 -2.496206 -1.458620 0.953463 -0.083801 0.208988 1.615561 0.428582 0.012408 -0.772294 -1.007452 0.695598 -0.027642 -0.077286 1.553122 0.196574 -1.029440 1.430610 1.445715 -0.188196 1.012613 -4.856793 1.119695 2.272715 -1.910476 -0.364602 -0.155230 0.563771 0.652722 -1.078024 -0.517157 -0.250195 0.369690 0.198585 
-51.354194 -2.549800 1.743069 -2.924576 -0.456238 -1.802645 -0.982225 -0.849187 -0.013995 0.760120 1.364872 2.115413 1.220901 -8.349910 1.697993 3.895065 -3.462180 -0.355447 0.063014 1.017463 0.631114 -2.156901 -0.431969 0.467970 0.693041 0.639370 -0.007447 0.515856 0.533478 -0.031602 0.187227 0.217256 -0.490154 0.059932 0.554434 -0.977092 -0.988077 -0.168230 -0.486583 
-65.698314 1.572823 10.256784 -9.787727 -0.758401 -1.297923 -0.461279 -0.196391 -3.360339 -0.947740 1.144929 3.001642 1.707321 -0.002486 0.259419 0.059504 0.632395 0.346812 0.357225 0.572815 0.316439 0.079428 -0.523574 -0.530439 -0.524656 0.039447 9.563272 -1.794046 -4.272362 4.064926 0.562933 0.259718 -0.252960 -0.261501 2.132600 0.351660 -0.454816 -1.028003 -0.574110 
-51.359166 -2.030961 1.862076 -1.659787 0.237387 -1.088196 0.163404 -0.216308 0.144862 -0.287029 0.303993 1.066101 1.299796 10.776634 -1.890099 -4.649659 4.667673 0.770420 0.582449 0.511544 0.108113 2.108299 0.271351 -0.441661 -1.362964 -0.508851 -1.063883 0.099722 0.867112 0.016326 0.978455 0.310532 -0.716165 -1.036920 0.283423 -0.410348 0.249139 0.005406 -0.424140 
-44.145047 -2.207374 0.957466 -0.452381 0.782440 -0.133025 0.561809 0.019835 0.856258 -0.405038 0.261606 0.275714 0.689619 -2.130251 0.458862 1.793728 0.665047 2.303722 0.978289 -0.859516 -1.757401 0.646275 -1.344270 -0.032161 -0.513844 -0.808833 -9.326317 1.588907 4.105900 -2.788084 0.988025 0.447605 -1.223283 -1.088866 -0.535635 -1.159333 0.182999 1.003652 -0.324957 
-55.619668 -1.113237 5.449532 -0.329693 4.844830 0.868383 -1.555627 -3.731111 1.437411 -2.975569 0.239672 0.038413 -0.317870 -7.876001 1.287716 3.562141 -0.908496 2.746471 1.477658 -1.935023 -2.069620 1.037029 -2.047314 -0.075664 0.644339 -1.158765 -0.004219 0.140892 -0.238810 -0.817443 -0.794223 -0.000667 -0.008394 0.781627 0.050089 0.291110 -0.016268 0.638416 0.076906 
-59.897048 0.368058 8.081748 -2.269373 6.275382 2.822292 -3.308236 -4.119405 2.930316 -4.499667 0.110278 1.564391 -1.627910 -2.138690 0.740647 1.316108 -0.969840 0.715276 0.976954 -0.876304 -0.194147 0.746452 -0.762049 -0.064697 0.762989 -0.655020 2.868655 -0.273534 -1.123017 -0.030672 -1.015597 -0.250352 0.529359 0.937736 -0.145288 0.642633 0.005484 0.059325 0.251872 
